6 0.27494898905583376 0.08723958333333331 0.15956860971990353 0.04600694444444445
5 0.15404508092190689 0.08463541666666669 0.07241959979595622 0.04947916666666666
4 0.25715095181784453 0.028645833333333336 0.45047445974772765 0.019097222222222224
4 0.7340156047115562 0.044704861111111105 0.23321566035985897 0.01822916666666667
4 0.7763626588295306 0.06770833333333334 0.3277293753478019 0.012152777777777776
4 0.683076394685587 0.08723958333333331 0.12888233861992204 0.014756944444444446
4 0.7076254115655722 0.11024305555555555 0.1804352740678908 0.015625
4 0.7978430485995176 0.1345486111111111 0.2135764468558709 0.012152777777777785
1 0.5014136697736968 0.16319444444444448 0.20252938925987757 0.027777777777777804
12 0.2522411484418475 0.18836805555555552 0.32772937534780183 0.015625
12 0.17491174526989425 0.20833333333333337 0.16079606056390275 0.015625
12 0.6026783644036356 0.18967013888888887 0.05155293544796877 0.014756944444444465
12 0.6278411067056204 0.20963541666666669 0.09696861667594135 0.01649305555555557
12 0.8358940247634946 0.16796875 0.12274508439992587 0.013020833333333285
12 0.8045940282415137 0.19053819444444442 0.06750979641995926 0.013020833333333322
12 0.2681980094138378 0.2282986111111111 0.3301842770358004 0.015625
10 0.49895876808569833 0.2860243055555555 0.8236195163235019 0.0789930555555555
12 0.49773131724169917 0.36197916666666674 0.7990704994435169 0.0381944444444445
12 0.49650386639769983 0.3993055555555556 0.7941606960675199 0.03298611111111107
12 0.34614113800779067 0.42795138888888895 0.4934352392877016 0.015625
12 0.4854568088017065 0.48263888888888884 0.7647018758115377 0.08680555555555557
12 0.42040191406974586 0.5377604166666666 0.651776398163606 0.01649305555555557
12 0.25346859928584675 0.5542534722222222 0.3007254567798182 0.013020833333333285
12 0.1859588028658876 0.5737847222222223 0.1927097825078835 0.012152777777777785
10 0.5069371985716935 0.6792534722222223 0.8297567705434983 0.18836805555555558
9 0.3265019048096937 0.6080728653399389 0.19639209565166374 0.14149315820901104
2 0.48116073084770916 0.9305555555555555 0.26021957892784264 0.012152777777777856
2 0.4989587680856984 0.9461805555555555 0.7867959910035244 0.012152777777777856
