9 0.24488300323486328 0.6339957882659604 0.19742017110188803 0.14847009832208807
5 0.07790222803751627 0.11438009955666281 0.04516461690266927 0.03337903456254439
10 0.49359953244527177 0.7113441505817453 0.8826908365885415 0.22278683594983031
10 0.4885277366638184 0.3252139043326329 0.8851302083333333 0.15331457118795375
1 0.46872670491536456 0.14935177022760565 0.1680879720052083 0.032350106672807175
9 0.7667113749186198 0.7003495380131884 0.09729705810546875 0.1518572797678938
12 0.4839730584809626 0.5079508609935892 0.8723307029029828 0.043976437965900984
12 0.48795113563537595 0.4325412981437914 0.8804678344726562 0.03273484201142282
6 0.15289159774780273 0.11504553303574071 0.1063759994506836 0.024868252301456954
12 0.48510119438171384 0.4676385166669133 0.8702520751953124 0.0373806038288155
10 0.492220245997111 0.20676453908284503 0.884681396484375 0.0723986192183061
12 0.26777196566263833 0.5379334652062618 0.44236490885416674 0.016960606430516098
4 0.8083615409528889 0.10132068094581045 0.22219924068536823 0.016814665360884225
4 0.7874165598551431 0.12116945151126746 0.270252939860026 0.019302223667953953
12 0.3500520833333334 0.578125 0.6061458333333334 0.03298611111111114
2 0.47895833333333326 0.890625 0.48124999999999996 0.015625
2 0.48927083333333327 0.9075520833333335 0.708125 0.014756944444444428
2 0.48927083333333327 0.9266493055555557 0.2841666666666666 0.01649305555555557
