10 0.4910264755529235 0.5170306439669627 0.7937766251858567 0.1599285197707842
5 0.16451715587176544 0.09476756374790984 0.07341586767333577 0.05253731979514068
9 0.14599515122045859 0.7459353680880564 0.07620124625841246 0.11020322115916127
9 0.8271745481156746 0.8122666916757261 0.1908757332370357 0.13474712731703273
10 0.4967287092256626 0.3417466991352585 0.8007489492578778 0.18406124834744436
6 0.280734582815027 0.0960589534831497 0.15815025418748044 0.0379671240752598
1 0.4973376852045075 0.16896133602790112 0.1998456085663606 0.029159779818552844
4 0.7620927049640025 0.07737213035799423 0.3133267767242279 0.01438043252477106
4 0.7211198249523946 0.054092875066793195 0.2280589312265234 0.016927233282125222
4 0.6719895046023971 0.09782334093777639 0.12668458050200856 0.013401391371241156
12 0.8158339562519563 0.1737682234566167 0.11756624403302379 0.014322748724019752
4 0.7820366555342889 0.1427437944232293 0.20973284535097558 0.014663498356657208
4 0.26441630138976746 0.03849424506133458 0.43427685465358934 0.015901493576337706
12 0.43251313988075824 0.7297215731638782 0.2936881547778198 0.013701528873083726
4 0.6949196180238547 0.1174289865313836 0.17070947306383033 0.013528769870973982
12 0.2630114483713905 0.19448197562739533 0.3134553937959751 0.015861367279628537
12 0.6194022915797163 0.21415814813577902 0.10105750795596828 0.016869922853865713
12 0.2648687665171934 0.23041361682819872 0.3195398805137469 0.014811893679061026
12 0.4933134980114155 0.6296011817927649 0.7773613269022589 0.03417682670647666
12 0.4950543946535241 0.6666917646038124 0.7675061870695952 0.033812761822971056
12 0.1852999004179329 0.21315244458756358 0.16174015815747603 0.014241326530024691
12 0.48869751048887833 0.7014199291737556 0.7621641336647386 0.02840733078290834
2 0.4908716268650876 0.9137656733674823 0.7593539688543406 0.014540042517320167
12 0.5962714193659354 0.19540728263135226 0.05477232765872809 0.015683462034981204
12 0.5813973614919319 0.7564281500561146 0.5767504336574121 0.03125077032707514
12 0.26111232139829404 0.8542795361212966 0.3032250507845106 0.012471396968049824
12 0.4778640314016199 0.8367474034147443 0.7345605000032607 0.016421551974314563
2 0.47640355640341325 0.8989974687684259 0.2441934830756339 0.012223441645784199
12 0.43065402751342524 0.8193157966732751 0.5731244964097356 0.01640918131369611
