9 0.49570651185278797 0.42450987316313243 0.19088601505055147 0.11597211565290179
12 0.5231855684168198 0.10443601699102492 0.7276278147977941 0.05959397815522694
12 0.5224342735140931 0.16384450276692708 0.7225638595281861 0.04339628673735119
12 0.5169049910003064 0.5525833856491815 0.7276916264552696 0.03845976329985119
7 0.5017234652650122 0.769399181547619 0.040597665824142155 0.012982933407738095
8 0.27959732354856004 0.7218399483816964 0.21418497721354166 0.016189197358630954
12 0.5017193723192402 0.6091200474330357 0.7268343098958333 0.05566417875744047
12 0.5101645675359988 0.4245059640066964 0.7222928155637256 0.059959484281994054
8 0.2226574228324142 0.467457536969866 0.07456092984068627 0.015066906156994046
12 0.5026254691329656 0.6887271157842352 0.7273815678615194 0.03468265418751812
12 0.3452421856208309 0.3548133632114958 0.31667804450588743 0.01559305826822917
8 0.2390478635301777 0.37600715273902524 0.11037312825520833 0.016632574172247023
12 0.37523584702435664 0.4933709716796875 0.3978005562576593 0.017776285807291667
8 0.3004161400888481 0.5150015404110863 0.22438160615808825 0.015902564639136904
12 0.47248753566709994 0.23501470929764853 0.5627369959145746 0.04388041724671084
12 0.3957141232958027 0.6552903238932292 0.45205303117340684 0.015367896670386905
4 0.5277957452512255 0.04413483210972378 0.27082529105392156 0.014324693225678944
12 0.4774342380396988 0.2672710326714799 0.5772792672952963 0.020337498750698596
8 0.25806781045751637 0.1957465277777778 0.12152777777777775 0.016493055555555535
8 0.3359885620915033 0.28776041666666663 0.2945261437908497 0.018229166666666678
12 0.3838848039215686 0.3125 0.38745915032679734 0.01909722222222218
12 0.3445669934640523 0.33333333333333337 0.3145424836601307 0.020833333333333287
