9 0.7383254881828062 0.6596627944131606 0.2776229612288936 0.19823826821507484
12 0.5094780075934626 0.11708109581797325 0.8613531666417277 0.07859474171119679
12 0.5116892476235667 0.25913619444655817 0.8527450561523438 0.07227854983287112
12 0.7084624382757372 0.8820906910201343 0.36313149236863657 0.027934989543876264
12 0.7016644631662676 0.8327786003872429 0.3592157671528478 0.03341899392924783
8 0.18449640658593947 0.25440353679794603 0.12252139276073824 0.026879645013189936
12 0.5113031479620165 0.4592858957177805 0.8599514499787362 0.07876221407715549
12 0.5018599110264931 0.36864409783873897 0.8570113643523185 0.074729512092183
12 0.5753563604047222 0.03187899798971922 0.7177786673268964 0.06326584038452325
9 0.28843353346086026 0.786701330288672 0.2827454296996562 0.06379461236963486
