9 0.3522854695277931 0.6808499145507813 0.21565060235757744 0.14708038330078124
9 0.7189221677526965 0.681358642578125 0.21205962864698563 0.151236572265625
12 0.2617680237356539 0.7291902829144234 0.20754640292277368 0.059659557528066474
12 0.510042578773161 0.33952178955078127 0.7014365407217921 0.04022216796875
12 0.5101951936704923 0.39685253143310545 0.7022524673326881 0.06003791809082031
12 0.5115904951517561 0.2800474166870117 0.7060193627281527 0.06551342010498047
12 0.5094053690412403 0.1254313325881958 0.7043191285259955 0.03992474555969238
12 0.48106530113557794 0.21859517097473144 0.6059340215362279 0.03636388778686524
12 0.508255491003526 0.5036081314086914 0.6942750643839878 0.03660087585449219
12 0.5103539660968611 0.17176465988159179 0.7047413513723728 0.03569118499755859
12 0.38390666320260647 0.58935791015625 0.42956461948631086 0.021306991577148438
12 0.50736221938788 0.5518833541870115 0.6991513908702568 0.03993843078613279
12 0.5105161413682245 0.4554597854614258 0.7054902473382191 0.039627304077148436
12 0.6725933783877213 0.7678159713745117 0.1959925288647677 0.018795242309570314
12 0.2001600282382121 0.09134608745574951 0.08060143394807799 0.020417394638061522
12 0.6862235820398915 0.7030897826636298 0.24859927017076847 0.09930130213726723
12 0.31267187812648145 0.6377202606201171 0.3073560205384302 0.021594543457031247
12 0.26064394385413786 0.7694739151000977 0.18835626112676299 0.01838233947753906
12 0.6311455260570304 0.6354166666666667 0.2568829891838742 0.019097222222222286
