10 0.4378971089087672 0.5328989901106576 0.7760682128446907 0.38202107899907467
9 0.2364394725322275 0.8851677524274973 0.19893433076530162 0.16663229054418102
10 0.449522540576034 0.21783974574602347 0.7296621442850423 0.24262982186885076
9 0.6500034565535335 0.8705464009938392 0.19687552824406163 0.16637497291393366
12 0.6975134690752146 0.035038337535943945 0.18708400780147577 0.020503031260248782
1 0.47999502417061096 0.06702397359364752 0.21260508611756232 0.02891419280594078
10 0.43753311035213666 0.7799653792488521 0.8186235544486418 0.04652461977019304
12 0.23092153267488094 0.011814223594036418 0.26363512758701785 0.021587145918312817
12 0.0481595194575255 0.9308316575354901 0.05380933013370546 0.02000333451438343
12 0.07571028666248562 0.8359375 0.1013101677641894 0.017361111111111143
12 0.08333578316086547 0.8815104166666667 0.11873987404620047 0.019965277777777714
12 0.49511259407337715 0.8363715277777777 0.10131016776418932 0.019965277777777714
12 0.506550838820947 0.8810763888888888 0.12200794397407755 0.024305555555555428
12 0.4716914262569249 0.9283854166666667 0.04793169227553044 0.026909722222222286
