6 0.2671875 0.10503472222222221 0.141015625 0.03472222222222222
5 0.15895182291666668 0.1037326388888889 0.06308593750000002 0.04600694444444443
4 0.25419921875 0.0546875 0.40696614583333335 0.019097222222222224
4 0.6797200520833333 0.06684027777777778 0.20904947916666658 0.01736111111111111
4 0.7223958333333335 0.08723958333333331 0.2993489583333333 0.014756944444444446
4 0.6370442708333333 0.10633680555555557 0.11875 0.013020833333333339
4 0.6580729166666667 0.1254340277777778 0.16328125000000007 0.013020833333333339
1 0.5046875 0.17491319444444442 0.18554687499999992 0.028645833333333322
4 0.8052734375 0.1519097222222222 0.19791666666666657 0.015625
12 0.24677734374999993 0.19748257473047925 0.29563802083333324 0.01822903834984738
12 0.5721028645833327 0.19965267512432228 0.09277343749999996 0.01388875201761534
12 0.8027994791666667 0.1796875 0.10390625 0.012152777777777785
12 0.7953776041666666 0.2013888888888889 0.06927083333333328 0.012152777777777785
12 0.18245442708333337 0.2152777777777778 0.15462239583333331 0.015625
12 0.5727213541666667 0.21701388888888892 0.09401041666666664 0.01736111111111111
11 0.25667317708333337 0.23263888888888892 0.2857421875 0.013888888888888893
10 0.5108723958333333 0.31076388888888895 0.764453125 0.12500000000000003
12 0.5065429687499999 0.40364583333333337 0.7879557291666666 0.029513888888888857
12 0.5022135416666668 0.43619791666666663 0.7842447916666667 0.028645833333333287
12 0.5046875 0.46744791666666674 0.7842447916666667 0.026909722222222213
12 0.33583984375 0.4930555555555556 0.44654947916666665 0.012152777777777714
12 0.5040690104166664 0.5351562756633637 0.7830078124999996 0.0633681068822835
12 0.4434570312499999 0.5763888888888888 0.6617838541666665 0.015625
12 0.3717122395833334 0.59375 0.5182942708333333 0.012152777777777714
12 0.5022135416666665 0.6163194444444444 0.7867187499999999 0.03298611111111114
9 0.3513020833333333 0.6827256944444444 0.18059895833333336 0.12413194444444436
9 0.6234375255175562 0.6792535021628128 0.20781244896488765 0.14322922654784856
10 0.4997395833333333 0.7356770833333333 0.7298177083333333 0.1675347222222223
2 0.48984375 0.859375 0.23750000000000007 0.012152777777777714
2 0.49973958333333335 0.87109375 0.7100260416666667 0.013020833333333143
