1 0.5114556206597222 0.1636284722222222 0.209482421875 0.030381944444444465
12 0.2603217230902778 0.20052083333333331 0.32708658854166667 0.036458333333333356
12 0.732575954861111 0.20138888888888887 0.36016276041666656 0.03645833333333332
12 0.8477300347222223 0.16666666666666663 0.12005425347222215 0.01736111111111111
4 0.7411512586805554 0.040798611111111105 0.2303081597222222 0.01736111111111111
4 0.787702907986111 0.06553819444444445 0.3283116319444445 0.01302083333333333
4 0.6909244791666665 0.08637152777777779 0.1298546006944445 0.014756944444444446
4 0.7001123046875 0.10807291666666669 0.15068033854166665 0.014756944444444446
4 0.8091411675347223 0.1349826388888889 0.21683268229166672 0.01822916666666666
10 0.5034928385416666 0.35677083333333326 0.8256792534722222 0.21874999999999992
9 0.9494086371527777 0.5026041666666667 0.10045355902777771 0.15451388888888892
12 0.5022677951388889 0.5034722222222223 0.7962782118055556 0.03298611111111107
12 0.5120681423611111 0.5412326388888888 0.8109787326388889 0.0321180555555555
12 0.5022677951388888 0.5794270833333333 0.7913780381944443 0.033854166666666644
12 0.35036241319444444 0.6076388888888888 0.4875672743055556 0.015625
12 0.5090055338541666 0.6453993055555556 0.809753689236111 0.049479166666666644
12 0.38098849826388886 0.6831597222222223 0.4826671006944444 0.013888888888888715
12 0.4257025824652777 0.7022569444444444 0.6455978732638888 0.017361111111111143
12 0.2603217230902778 0.7217881944444443 0.3148361545138889 0.01649305555555557
12 0.5083930121527778 0.75 0.8060785590277777 0.03125
9 0.7638145728636477 0.772135459438939 0.19968205218936924 0.14322925221121252
2 0.4943049568623131 0.9435763076215643 0.16292815558240525 0.013888811898798563
6 0.2823725043402778 0.08550347222222221 0.16293077256944447 0.04427083333333334
5 0.16048068576388885 0.08116319444444445 0.07350260416666668 0.0546875
4 0.1800813802083333 0.025173611111111112 0.2817599826388889 0.013888888888888886
4 0.4103895399305555 0.024305555555555552 0.15680555555555556 0.017361111111111112
2 0.5071679687499999 0.9587673611111112 0.7301258680555555 0.009548611111111
