9 0.7794351196289062 0.8810095395925366 0.20182647705078124 0.1363283060816154
5 0.1513555431365967 0.09457811551984484 0.07764802932739258 0.055133733033717824
10 0.510627384185791 0.40766766932622306 0.8748063659667968 0.3002228528833306
6 0.2732654571533203 0.09655048044148123 0.16234649658203126 0.04130056224776396
9 0.9452667236328125 0.763844861202007 0.109466552734375 0.13829820776068935
4 0.7835946083068848 0.08003816388248357 0.3265763473510742 0.016046394228311108
4 0.7409701156616211 0.05617285024433235 0.23718513488769533 0.01907508077837826
12 0.25267348289489744 0.19840696511260295 0.32971183776855467 0.016245058069678502
1 0.5097192987930029 0.17380738050317665 0.2177261036895231 0.02933993514295646
12 0.460605294484257 0.7704202542130235 0.2120601324670324 0.0157538875027269
12 0.49651633788988414 0.6622806377729796 0.8106090821853197 0.052251244905611414
12 0.4610104560852051 0.8623365365605912 0.7514221954345703 0.017310337246400524
12 0.5150814176480243 0.6079972085736386 0.787071480576143 0.049404550389261524
12 0.1736135673522949 0.2166577350822835 0.16719276428222657 0.015359555655541013
12 0.8459592437744141 0.18037933828943062 0.11503082275390625 0.01601610965961769
12 0.6473442840576172 0.20172780887410696 0.18793716430664062 0.017017570881735385
4 0.7060190306118653 0.12191277815201332 0.18332464019228495 0.014121396795409353
12 0.25790183067321776 0.23530358918674327 0.3402830123901367 0.01741512491648942
12 0.6021282386779785 0.22125983113393732 0.10933376312255859 0.016794121494259927
12 0.49096796134800547 0.7457349154753627 0.8212365512114591 0.03433877302505999
8 0.17618605613708496 0.7309657125156797 0.19209976196289064 0.015509427321934992
4 0.681121768951416 0.10102120577560879 0.15135036468505858 0.014537618214339278
8 0.21068062322518252 0.7683663534213373 0.2683410552577381 0.015877963271286117
12 0.49942697048187257 0.7069215358447862 0.84239501953125 0.03355218644333551
4 0.8092417907714844 0.14777567332535724 0.23295654296875 0.01779531641988438
8 0.2042185592651367 0.6951399931316808 0.23980461120605467 0.015010068137816317
2 0.47946739196777344 0.927777728069099 0.3382086181640625 0.012031914676047119
12 0.27477735354633653 0.8796149981167513 0.38628822326660156 0.014154457505044717
12 0.4889879187534757 0.8174977088076918 0.8117255428666853 0.07447419520004102
8 0.14494554996490477 0.5859027483076324 0.11650591850280761 0.014810185989992364
12 0.49011877437739726 0.8991382807502041 0.8220826194921591 0.020398580075254732
2 0.4314908854166667 0.94140625 0.7038151041666667 0.019965277777777714
