9 0.2645923328399658 0.6831069113991477 0.18235158920288086 0.13398459694602272
9 0.703875732421875 0.5341334394975142 0.1665179443359375 0.12071916060014204
10 0.4750076651573181 0.5806685846502131 0.9145259857177734 0.27642239657315343
9 0.9363698196411133 0.43203524502840907 0.058966140747070316 0.12471291281960227
12 0.46821943640708924 0.21926439458673652 0.9128096008300781 0.05308004205877131
12 0.4729616379737854 0.2860026411576705 0.9021533203125 0.0357421875
12 0.4709026002883911 0.3402455000443892 0.8985138702392578 0.03807511763139205
12 0.4679062715403126 0.11672957696054523 0.9007871371968362 0.04410059179839886
12 0.3901327440709438 0.4106805146328317 0.7318853215673987 0.041330676611465195
12 0.46843098455045784 0.1590189555007239 0.899348993706556 0.03259353637695309
12 0.07919434070587159 0.08625167153098368 0.11416508674621582 0.01385345458984375
12 0.4703181552886963 0.3734564216662335 0.8945970153808593 0.028368030894886362
