10 0.5145475514729817 0.6670548241093474 0.8099924214680989 0.2396704835711785
9 0.4163162485758464 0.5650839355756652 0.216000722249349 0.1504569503496278
5 0.16087395350138345 0.0834470807381396 0.0722445297241211 0.051698986089454516
1 0.5060692723592123 0.1603159814510705 0.20516380310058593 0.027693694492556015
10 0.49967231114705407 0.2843927707312242 0.8013656107584636 0.07992409760097288
4 0.7998830159505209 0.13247444044868903 0.22234619140625 0.01564254400865087
6 0.2793253389994303 0.08563590949436405 0.16128508249918616 0.039375188215723576
12 0.8437641906738282 0.16460351224215525 0.12075124104817708 0.013070142494057711
12 0.8447149658203125 0.18975714917452827 0.12278279622395834 0.0171955036667158
4 0.7364725748697917 0.04219131874588301 0.23551839192708332 0.017731509118709923
12 0.5957174173990885 0.20787490795300242 0.10393534342447917 0.016140743740313802
4 0.7831213124593098 0.06506918286377529 0.32905604044596354 0.01620650291442871
12 0.18310139338175457 0.2069764587114442 0.16240708669026696 0.014600177980818838
12 0.5955244954699694 0.1860064151635641 0.10560211181640627 0.018933295744762005
4 0.7066043599446615 0.10645362566102227 0.16970428466796875 0.013368084745587044
12 0.3526808551653875 0.4039359362620226 0.493068999508093 0.014209279474222427
9 0.8100277201334636 0.6493891230169332 0.08728749593098958 0.1608356259903818
12 0.36476326029661094 0.3485303554894788 0.5086890148885492 0.01547298791273584
12 0.26097157160441076 0.18819271843388397 0.3262982177734375 0.015578485884756412
12 0.5133036823827165 0.4537092572934449 0.7967251586914059 0.07190984413988306
12 0.5107610573722411 0.37715558274511807 0.8012466430664062 0.027982028025501187
4 0.6873224131266276 0.08592625384060842 0.13118687947591146 0.013209199005702756
12 0.28801977793375655 0.5155001226461158 0.3535595448811849 0.015996177241487324
12 0.25309976895650227 0.027732789516448975 0.4409762064615885 0.01512486754723315
11 0.26990740740740743 0.22439236111111113 0.3263425925925927 0.014756944444444465
12 0.43430555555555567 0.49435763888888884 0.6526851851851854 0.01649305555555557
2 0.49196759259259265 0.9227430555555556 0.265 0.013888888888888857
2 0.5152777777777778 0.9392361111111112 0.7876388888888889 0.012152777777777856
