1 0.4778410949707031 0.3988988255217714 0.30077166748046874 0.047974072547055116
9 0.6113525390625 0.794611290483722 0.19651013183593752 0.1489650935192273
9 0.756028076171875 0.0974680491070926 0.1213880615234375 0.04923451668247366
9 0.3942757263183594 0.7911471276187073 0.1952117919921875 0.14493541002960644
12 0.4427125456241238 0.768371274217061 0.5162385372931696 0.025979429569299318
1 0.4814808959960938 0.18679058723559638 0.334244384765625 0.0663923324013306
12 0.4863874206542968 0.2784413384429316 0.54725732421875 0.02286995659644047
12 0.4147303642153113 0.8055141569901609 0.44654364469038826 0.02281070236513867
12 0.4780188598632813 0.8785087739356312 0.1531954345703125 0.023113239739058
9 0.9768165893554688 0.7595910283948915 0.033560546875 0.10296652846102755
