10 0.4999699274698893 0.7456713982348172 0.8124339803059896 0.22559241528780954
5 0.15504086176554363 0.08003540983739889 0.070863889058431 0.05166485174646917
9 0.32755917867024736 0.6680637935422502 0.19828587849934895 0.13998621814655807
9 0.7229571278889974 0.6725032554482514 0.21414271036783855 0.15236206774441702
4 0.7760470581054687 0.061926648301898306 0.3224395751953125 0.014377162141619987
6 0.27435840606689454 0.08131229652548737 0.16258394877115886 0.038847923278808594
1 0.5005691146850586 0.15648192279743697 0.2022797393798828 0.029526188688458136
4 0.7290460205078125 0.0396078273935138 0.22945515950520837 0.0171795498650029
10 0.49609137852986657 0.26936694810975276 0.8176272583007812 0.058010245269199595
4 0.26380412101745604 0.023362406019894585 0.4299035135904948 0.016178547211413114
4 0.7960394287109375 0.13000883246367834 0.21450968424479167 0.014677911434533461
4 0.6819622294108073 0.0830661080918222 0.13550923665364584 0.014303558277633955
2 0.48673185984293627 0.9201195914790316 0.25667818705240886 0.014562210946712853
2 0.49924577099038553 0.935385650058957 0.7822469575423586 0.016809139611586033
12 0.6295646921793621 0.2045204774388727 0.10742965698242188 0.01480044958726415
4 0.703745142618815 0.10389813837015403 0.17000717163085938 0.0132364237083579
12 0.2576279958089193 0.18365158225005526 0.3212097676595052 0.01574987735388414
12 0.4998656590779622 0.3328718329375645 0.8105775451660157 0.033475012149450915
12 0.5011981455485026 0.3702342735146577 0.8255717976888021 0.03545743114543411
12 0.17765278498331705 0.2025009551138248 0.16828964233398438 0.015246661204212118
12 0.2641487566630045 0.2213308226387456 0.33476280212402343 0.014690291206791715
12 0.833978042602539 0.16171831454870836 0.12064926147460937 0.013093840401127653
12 0.34721046476378 0.43706784613964805 0.48986668803756567 0.015231618341409937
12 0.4998411812736084 0.5933803342423352 0.8055455522444823 0.037034808464770023
12 0.6039384206136067 0.1853865497517136 0.05449020385742188 0.01549213337448408
12 0.49379590397357004 0.4103572413606467 0.7937815865929736 0.033250052973909185
12 0.26599615732828774 0.49275223714000765 0.31248407999674477 0.015065571047225088
12 0.4472917429606118 0.5505817944919101 0.6890315246582029 0.015789008744469354
12 0.38402100908201786 0.528377317032724 0.4985701497395833 0.015564180770010322
12 0.2538847541809082 0.5659837542839771 0.30883331298828126 0.014235298588590801
12 0.508986597118683 0.45472573334315736 0.7953154437897747 0.0142288208007812
12 0.17339715321858723 0.4728801475380952 0.07356099446614583 0.013275542349185585
