9 0.355288994021532 0.19341635429996185 0.19061492671811484 0.13639201021742547
9 0.710164909052655 0.24919144202922955 0.1947860593718242 0.13656100569100216
12 0.6110413093877033 0.6440653132296156 0.2514921358930386 0.02318599306303879
12 0.2907724396000064 0.1766078112481733 0.362723051241743 0.059019737258774
12 0.2269394355091622 0.6443013859891343 0.26756328799860263 0.023312553318067534
12 0.5267232879390561 0.5601097545404543 0.8454738709984756 0.07605580297009698
12 0.4799279685912093 0.08222394482842807 0.1243803194867886 0.024413071555652838
12 0.21030869522715 0.4938058436602011 0.19399249069089813 0.019337480917744253
12 0.17744325880758807 0.2348090277777778 0.13139397018970192 0.021701388888888857
12 0.25664803523035234 0.2769097222222222 0.2898035230352303 0.032986111111111105
12 0.29164549457994576 0.32595486111111116 0.3696222899728997 0.018229166666666644
12 0.22717649051490518 0.3832465277777778 0.23086043360433606 0.03038194444444443
12 0.24068428184281843 0.42317708333333337 0.2578760162601626 0.03385416666666671
12 0.14121783531614043 0.4574653119955962 0.0638549797742233 0.01736104267547391
12 0.6784595189701897 0.17664930555555558 0.337694783197832 0.056423611111111105
12 0.5789930555555556 0.234375 0.13630589430894305 0.020833333333333287
12 0.6661797086720866 0.27604166666666663 0.32050304878048785 0.03645833333333332
12 0.6704776422764227 0.32682291666666674 0.3487466124661247 0.05815972222222222
12 0.5685552168021679 0.38454861111111105 0.18174119241192407 0.03125
12 0.6035526761517616 0.421875 0.23945630081300812 0.02604166666666657
12 0.6029386856368564 0.45572916666666674 0.23577235772357724 0.0225694444444445
12 0.5863609417344173 0.4969618055555556 0.19524898373983737 0.01649305555555557
