10 0.4951028188069661 0.7397314757954385 0.7027559407552083 0.2570371248935868
10 0.48113039652506506 0.3606919322192466 0.7025393676757813 0.1256402802656782
5 0.15274223327636718 0.1501127236547048 0.06057334899902344 0.04133968807917583
9 0.33051901499430336 0.6468017439566189 0.17964810689290364 0.12095255857158058
4 0.6629575602213541 0.12139975713411606 0.2685880533854167 0.013722397006464599
4 0.6096318054199219 0.1420144331171077 0.13391011555989582 0.011530448575837116
4 0.6659654744466146 0.10006979726906126 0.26863545735677086 0.016272086967269082
12 0.4683829919298769 0.25826750319196534 0.6756918668350143 0.034654557213783466
4 0.13736869494120282 0.0999078393388417 0.1852935791015625 0.015258667823540366
12 0.8339189656575521 0.05198510090961088 0.1764300537109375 0.05026439099522914
12 0.6261799875895182 0.049847789032640574 0.08239924112955728 0.03340780017865773
9 0.7423150634765625 0.6651787644212012 0.20315358479817708 0.12171290004699915
12 0.05829294244448344 0.010741749767818734 0.11269522349039712 0.017612925993868496
1 0.4670660781860352 0.22182293133080752 0.19828147888183595 0.02634458509395396
2 0.49263093171296307 0.9105902777777777 0.16697193287037032 0.013888888888888715
2 0.49263093171296307 0.9288194444444444 0.6844574652777778 0.015625
12 0.4837087673611111 0.5104166666666667 0.6895558449074075 0.14062499999999992
11 0.3008043981481482 0.29166666666666663 0.3415914351851852 0.022569444444444465
6 0.26065465856481485 0.1488715277777778 0.13128327546296298 0.028645833333333356
