10 0.4983986854553223 0.28623663860818616 0.7702497863769531 0.12604038404381793
1 0.4770500183105469 0.09188886227815046 0.2236565399169922 0.025972416089928667
9 0.9654086685180664 0.6899177086871603 0.06604454040527344 0.1300952679177989
9 0.9724650955200196 0.5223982305112093 0.055069808959960935 0.125675048828125
12 0.7350908660888672 0.18051927649456523 0.21560226440429686 0.017749739937160326
12 0.2647370433807373 0.5719959026834239 0.3153892135620117 0.017940408457880436
12 0.5126041030883789 0.7015559612989875 0.8106298828124998 0.16813909651101888
12 0.6939702415466309 0.15545196533203126 0.13148563385009765 0.017136097783627718
12 0.2477148151397705 0.13764818937882134 0.3066521072387695 0.017544622006623642
12 0.38935175895690916 0.366851979131284 0.5347178268432617 0.018769557787024455
12 0.24407156944274902 0.16324121889860735 0.2977219009399414 0.0139373779296875
12 0.1794265079498291 0.1906407828952955 0.1643636131286621 0.016870926566745922
12 0.5065023608754882 0.42546904014177 0.7962206069133299 0.08203467691622236
12 0.5063012981414795 0.4930618418817934 0.8016645812988281 0.04160994819972826
12 0.4330130577087402 0.5401500137992528 0.6399449157714844 0.019865244989809783
12 0.4983333015441895 0.8895819091796875 0.7958257293701172 0.02117479407269022
12 0.5163601779937744 0.8168271236768818 0.8073240661621094 0.04726805934425249
12 0.26302518844604494 0.2139700052012568 0.33454208374023436 0.015309342094089674
12 0.3564439582824707 0.5981748896059782 0.4663969421386719 0.016630753226902172
12 0.500176477432251 0.91614501953125 0.7947637939453125 0.019431258491847826
5 0.05376450896263123 0.019687447755233102 0.06861541271209717 0.02203118199887483
8 0.19715711805555558 0.8650173611111112 0.17220052083333337 0.016493055555555428
