9 0.9246041361490885 0.5694800359552556 0.05973052978515625 0.11912364612926137
9 0.9546434529622395 0.7334898422703597 0.04378804524739583 0.12434799656723484
12 0.6695541636149089 0.7196952681107954 0.19064102172851563 0.017033765388257575
8 0.1853443400065104 0.4970346531723485 0.10002227783203126 0.01114501953125
12 0.4351684824625652 0.3372393059008049 0.2770996602376302 0.015509329131155302
2 0.47795332590738937 0.9302989243016099 0.26130383809407554 0.01078931403882576
10 0.23737805048624672 0.22819170402758052 0.3645171610514323 0.10150795676491477
10 0.6553411102294922 0.22713260535037882 0.35376663208007814 0.10665997129498106
12 0.8371361033121744 0.33575535629734843 0.08315149943033856 0.014979285037878787
12 0.29594945271809897 0.6951579145951705 0.3230937703450521 0.013297895951704546
12 0.27734251658121745 0.642012939453125 0.30162002563476564 0.012598765980113636
6 0.21814695994059247 0.13344721938624526 0.28699305216471355 0.024879076408617428
12 0.29587637583414717 0.6692892918442235 0.3280144755045573 0.012812278053977272
12 0.6789219107579112 0.3881845170210527 0.3832067772449893 0.023538858358462887
12 0.15226939395941597 0.3125789369141433 0.19763185890271864 0.03956753209544777
12 0.08401920000712076 0.37155312278053976 0.05981728235880534 0.013984116062973485
12 0.20528289159138996 0.6289488636363635 0.13653621673583985 0.011927379261363636
2 0.4767374973874884 0.8852922659209282 0.5746535922759348 0.011147682883522718
8 0.20557235717773437 0.6563426254734849 0.14168685913085938 0.012030806107954546
12 0.2613109461466471 0.5097058290423768 0.2640655517578125 0.012174220229640152
8 0.20518689473470053 0.6292151618726326 0.13637954711914063 0.01234249230587121
12 0.5554245758056641 0.29795117927320075 0.13068069458007814 0.013057047526041667
10 0.4756531036065884 0.6385983957629575 0.8576797699596712 0.4749204255668885
12 0.19138081232706708 0.39348843661221594 0.28590484619140627 0.014679287997159092
2 0.4734711583455403 0.8971933445785985 0.3619405364990234 0.011062233664772728
12 0.20521312713623047 0.6562366462476327 0.14120384216308593 0.012233590790719697
12 0.2683339055379232 0.5903326970880682 0.27005508422851565 0.01537612452651515
2 0.4833984375 0.9088541666666665 0.2625868055555556 0.008680555555555572
2 0.48220486111111116 0.9188368055555555 0.6039496527777778 0.013020833333333285
