9 0.3114974021911621 0.7317890671064269 0.20418949127197267 0.14118593716498715
10 0.5102704429626465 0.28678926759068796 0.8487337493896484 0.15590135106500588
10 0.5036470699310303 0.7977495406136096 0.7976493835449219 0.23254949396306818
9 0.7327070426940918 0.7395229437747911 0.21109912872314454 0.1425879660028945
12 0.3977638031598397 0.5640333474108706 0.6307795472134252 0.01810362408541487
12 0.26422045707702635 0.3757449848574186 0.35559818267822263 0.015379236656437607
12 0.28019567489624025 0.16828936123725274 0.3869915008544922 0.020835588563163324
12 0.7440294075012207 0.1720244733179004 0.29002803802490235 0.016696020424059283
12 0.17993452072143554 0.9235118519176136 0.18279037475585938 0.015340448448220412
12 0.25816783905029295 0.13010481086848735 0.35592414855957033 0.021332467604256004
12 0.30766949653625486 0.4181292813597167 0.42079872131347656 0.015646644971791916
1 0.512536506652832 0.09451651859447027 0.23645263671875 0.030226902119291382
7 0.5031607437133789 0.9477929561870176 0.11758705139160157 0.01857646333619211
12 0.21758450508117677 0.5436332532512997 0.2606883811950684 0.01742794501433855
12 0.510931224822998 0.5962070052865031 0.846038818359375 0.03490467627706904
12 0.21699456214904786 0.522051358100276 0.2514828872680664 0.016055857951195327
12 0.5108538884856895 0.3972417134567969 0.8380117167907146 0.017388162236679883
12 0.3262630271911621 0.44006343730318 0.48353469848632813 0.01633195566272245
12 0.4738150501251221 0.6424206951265679 0.7780233001708985 0.04000728862363315
12 0.7352197074890137 0.13632651013330163 0.2879019546508789 0.016918620768787522
12 0.2809101676940918 0.19591471179680797 0.3977198028564453 0.017336889564684283
12 0.3825378348270516 0.461932959319388 0.5925030466239722 0.01751101773558106
12 0.32994323752959104 0.503835623767426 0.48305946350097656 0.01467989730180639
12 0.3605192776894153 0.47979131734596087 0.5531427724409941 0.01500548792948648
