9 0.27220720922928215 0.5762058240637932 0.19240677862002672 0.13829420255199415
9 0.6920701630261479 0.5337450732923533 0.188693395402031 0.13096998380199415
9 0.3778433447917178 0.6877731253567351 0.08384508165871515 0.059897366179723174
12 0.5263403947911045 0.1498571334908542 0.7133950992506377 0.15093102302725456
12 0.21931111382165547 0.5727179366159657 0.16726624684955113 0.01753119899802012
12 0.16070969849590977 0.6845380182135596 0.05069568580136381 0.017183835103631563
12 0.22983804340452377 0.7106485236180972 0.14400381570333962 0.019973197484125287
12 0.19444551572694885 0.6101673073964576 0.11850485809182447 0.01802258077821775
12 0.21456965471923448 0.6477020821070564 0.16274015944644085 0.01963882794663242
12 0.22254727062662505 0.5359914770953732 0.17542191390152817 0.017128164909746006
8 0.230110587654533 0.24535422129173803 0.15104701642526 0.01967735813088613
12 0.6239843203845541 0.5770694262360874 0.20559117483381573 0.021235775185502282
12 0.7227411850231052 0.5400511510840281 0.4108673175151118 0.027192694955764804
12 0.1952899711285506 0.4993852589228382 0.15073712167784784 0.020482241835224027
12 0.6520348613265919 0.7637881623011201 0.27437425071440835 0.025418494934360727
12 0.6615499738995658 0.5026182584022277 0.27796123989710064 0.01880576077117223
12 0.4151529764268237 0.38782530832508383 0.5405263855842818 0.01936991791746932
12 0.506287714887019 0.41032063856127665 0.7289689811581375 0.0240300734864719
12 0.6262946256101598 0.6492547858251284 0.21971669339310243 0.024494467260630707
12 0.3406983689106204 0.31168059642762186 0.3982137683047974 0.11149968275411942
4 0.773029033954327 0.06053051883227205 0.2156675808845173 0.01794640876386808
12 0.5086662646203651 0.4477956580059943 0.7339058908191118 0.0427141250910362
12 0.6247768671583718 0.6135297453022438 0.19740393622142366 0.02269288502871718
5 0.1679718760156557 0.04677066628791426 0.051536476219093415 0.035315918595823524
12 0.7294014252523425 0.7239602842287387 0.43427582026650813 0.026003066807577056
12 0.6243002515759909 0.6862912809467752 0.20644935595933084 0.025188428626212903
6 0.2429274594453166 0.051215277777777776 0.08953100470957615 0.032986111111111105
