9 0.2630942618217954 0.6275984697031116 0.19528884841428518 0.1369862891797545
9 0.22168417537913604 0.8668649977721644 0.1824042492016942 0.1256707585696291
9 0.40158008878486967 0.7485251320369453 0.18916175523044265 0.1318208095753377
9 0.7869690200500304 0.751156945989226 0.09418572217063371 0.06882420534948543
9 0.777266502958706 0.6325612403516295 0.09518589924291238 0.06776881013480918
1 0.5096969835826164 0.11216972704408099 0.33641278953390313 0.047409293173107846
12 0.4973275743881235 0.3898664837636015 0.7632356346412599 0.27558791616973094
12 0.7663144492756025 0.8644863540884969 0.2374033653208384 0.025659577515276588
12 0.3154069427434714 0.22132626201439884 0.3953250031387394 0.02142572157583351
12 0.7259371394891316 0.8285934945526908 0.33875492574808597 0.023165511430638937
12 0.7684771813646527 0.6827754025598334 0.24412078579821103 0.026145084439992496
12 0.4929410935604912 0.9852207504455671 0.8138435877330958 0.029392248974860636
12 0.5033659833788944 0.1563540306549334 0.31376974592792983 0.021899228235051728
12 0.7207957881374603 0.7344643018666916 0.32137467457786917 0.022371112175707548
12 0.3273950765319417 0.7383016910193102 0.3427073685164304 0.026324839780097555
12 0.842630010434828 0.016358917818674705 0.1251435381054806 0.018412195797849886
12 0.7285373148735976 0.6473963951778248 0.34139061552456035 0.023845273471001283
12 0.7703419552925068 0.772524589944254 0.24252410018856124 0.02723057846671312
12 0.49909039480603773 0.561661080676123 0.7562138156647968 0.04674910844701437
12 0.2652253289161992 0.8294863038365673 0.30017304521679805 0.02127038553280446
