10 0.5531604380547246 0.5909210457433347 0.782820303228837 0.3809412425149701
10 0.5585204377959045 0.274737773337254 0.7793303381038618 0.25881314937090105
9 0.7492274755164039 0.9058849725214749 0.18554595754116396 0.13386501272009552
9 0.3961924299409118 0.9073338743829307 0.18505337872082672 0.13444309762172085
12 0.8203326116634321 0.11195936113264544 0.2391501800923408 0.024357326084438267
1 0.5778332239464867 0.11369011332106989 0.2567923340616347 0.030075704130243977
5 0.8616201666337026 0.056857638888888895 0.17942893756592823 0.07899305555555557
10 0.5546550388577611 0.8281765975713026 0.7802924144117133 0.041237722961967656
12 0.22097456404931431 0.8728298611111112 0.09754190565664558 0.021701388888889
12 0.23000622198048518 0.9075520833333335 0.12283054786392401 0.014756944444444428
12 0.19568592184203584 0.9474826388888888 0.06141527393196199 0.016493055555555428
12 0.612346407733386 0.8745659722222223 0.09754190565664558 0.018229166666666713
12 0.6207759551358122 0.9097222222222223 0.10958411623154006 0.02256944444444443
12 0.5924767602848101 0.9487847222222223 0.06743637921940923 0.019097222222222286
