9 0.6509622192382812 0.712605134496149 0.19502492268880206 0.140612116399801
10 0.49554569244384794 0.3114808480936366 0.6999224344889327 0.12393832246875558
1 0.4749868774414063 0.1542559029921046 0.2006524658203125 0.02725226924104511
9 0.3440543874104818 0.7088530918337264 0.19222610473632812 0.1399066853073408
4 0.7276819864908854 0.05418566712793314 0.2672727457682292 0.015131388070448388
6 0.2764965883890788 0.08296582608852747 0.13684274037679037 0.036602717525554156
4 0.707476298014323 0.031003620264665136 0.22829477945963542 0.018980032992812822
10 0.49867618560791016 0.7884439072518978 0.6995708211263021 0.2127854689112249
5 0.176836306254069 0.08186252836911184 0.062424875895182294 0.04733294810888902
4 0.7184256998697915 0.12855974683221782 0.20837331136067708 0.016231293948191516
4 0.13396045049031577 0.030422721268995753 0.18367991129557293 0.016324011784679484
12 0.3975818260332874 0.4019568101415091 0.46456189318082197 0.014455255472435126
4 0.6940354410807291 0.09563546810510022 0.19222147623697913 0.012539629666310437
12 0.30636795043945314 0.2196137050412736 0.3252787272135416 0.01773729864156471
12 0.3037488047281901 0.18256325091955797 0.3067707824707031 0.01791693129629459
12 0.6664080556233724 0.18173643328108877 0.29884424845377605 0.018906125482523215
12 0.49525911947876866 0.4471137639267318 0.6632579549153642 0.038297721535544865
12 0.7516384887695311 0.16003972179484816 0.13350779215494793 0.014265816166715801
4 0.6626625061035156 0.07547494825327171 0.12868326822916668 0.014154429705637805
8 0.2184865379333496 0.568453662800339 0.11027947743733722 0.013203027113428656
12 0.39334824791365813 0.568633061534953 0.23963712233674575 0.01412143347398289
12 0.3123706183207128 0.6227232735112019 0.29722671481528035 0.016994404342939258
1 0.279528554280599 0.0834279847594927 0.14040842692057293 0.03591320199786492
12 0.4047560000923252 0.4755984972108073 0.48389823744555777 0.014568400832841975
12 0.31468750000000006 0.41927083333333326 0.3054861111111112 0.015625
12 0.4925810185185186 0.5030381944444444 0.6612731481481482 0.03559027777777778
12 0.4938078703703704 0.5407986111111112 0.6735416666666667 0.03298611111111107
12 0.4937431845711186 0.5868577057460562 0.6611755367822432 0.015291034050707525
12 0.26254629629629633 0.6041666666666666 0.13004629629629633 0.015625
12 0.4956481481481482 0.6501736111111112 0.6674074074074074 0.03125
2 0.4747916666666667 0.9253472222222223 0.2551851851851852 0.012152777777777714
2 0.4913541666666667 0.9388020833333335 0.6588194444444446 0.014756944444444428
12 0.5661921296296297 0.2013888888888889 0.10182870370370367 0.019097222222222213
12 0.2134722222222222 0.20008680555555558 0.1398611111111111 0.01649305555555557
