9 0.341954870223999 0.841822509765625 0.1838377571105957 0.130999755859375
5 0.30295734405517577 0.3421504072709517 0.308905029296875 0.21566811301491481
5 0.16493611335754393 0.07411866274746982 0.05711671829223633 0.04354872963645241
9 0.6741104316711426 0.8198811479048296 0.1818716049194336 0.13351462624289773
4 0.7215110015869141 0.059083924727006396 0.26381118774414064 0.014520166570490056
9 0.8848917770385742 0.4685573647238991 0.10774101257324219 0.13627205588600852
9 0.886279640197754 0.7578297563032672 0.08159706115722656 0.13391801313920454
4 0.7035348701477051 0.03561465089971369 0.22798534393310546 0.018291662389581853
5 0.42014904975891093 0.6916095623488664 0.5481104278564451 0.185470545152277
4 0.6524170303344726 0.07957222331653942 0.13307518005371094 0.013073612559925426
4 0.12429958581924438 0.024466825832020152 0.18287288665771484 0.016489370519464665
6 0.25933238983154294 0.07464166988026012 0.1288898468017578 0.034399105418812144
4 0.6811587905883789 0.0999875918301669 0.18374656677246093 0.013892100941051136
2 0.46806557655334474 0.9341424837979403 0.6611933135986328 0.019044133966619317
12 0.6152714538574219 0.17691452719948508 0.04653404235839844 0.0233167197487571
12 0.6725001525878906 0.1536184900457209 0.05385986328125 0.02123961015181108
2 0.46074661254882815 0.9175653631036931 0.17136199951171874 0.013431174538352273
12 0.4401313591003418 0.5495491998845882 0.12499790191650391 0.014408458362926136
12 0.4160567092895508 0.5328286188299005 0.072161865234375 0.013325361772017047
5 0.6391601562499999 0.3003472222222222 0.18023003472222215 0.19097222222222218
