5 0.08887838681538901 0.09650536081262048 0.0765527852376302 0.05963351972586744
10 0.4947268613179524 0.2999073630408743 0.8774095662434895 0.2326163295325011
9 0.35123936971028646 0.7244541444246738 0.20438852945963543 0.1484057877835854
6 0.21839839935302735 0.09230520490508345 0.17198005676269532 0.04490519984054113
1 0.48637513478597 0.15732161317148807 0.1689345041910807 0.031120173588907733
10 0.5081552441914876 0.7507622878322396 0.9039829508463542 0.21495532197601575
9 0.7145333099365234 0.7038486973953701 0.21491348266601562 0.1592349304706035
4 0.8193141174316406 0.04528501788916537 0.22674367268880208 0.01967914079007729
4 0.8070067342122396 0.09272668370148467 0.24115580240885418 0.020501766906231466
4 0.16584744135538737 0.04487295252572599 0.2182641855875651 0.019970942505172423
4 0.8483082326253256 0.06716125913644884 0.16442764282226563 0.017947435661849885
12 0.4800264363190358 0.43174070432633693 0.8703317969443054 0.035362195963466764
12 0.49028645833333334 0.46527772645105014 0.8634895833333335 0.029513991542344485
12 0.48540798611111113 0.50390625 0.8683680555555555 0.033854166666666644
12 0.2890494791666667 0.5212673611111112 0.461015625 0.028645833333333356
12 0.491506076388889 0.5464409722222222 0.8610503472222224 0.0546875
12 0.4988237847222222 0.6080729166666667 0.8830034722222222 0.059895833333333356
2 0.5091905381944444 0.8654513888888888 0.4963845486111111 0.027777777777777856
2 0.51041015625 0.8958333333333333 0.6915234375 0.036458333333333426
