10 0.4892863368988037 0.5849943802250983 0.9163477172851563 0.21566637118316342
5 0.11068974685668945 0.10339288616043986 0.0812425765991211 0.054674102171978385
9 0.6984643249511718 0.5760566809658328 0.22353131103515625 0.15620254276477558
9 0.33082194519042973 0.5537629352618696 0.20740377807617189 0.14384231239940987
10 0.49476420211791966 0.2665765413676761 0.8795357055664058 0.16219371133849253
4 0.8180283813476563 0.08338361202561975 0.218044189453125 0.017192387614980105
1 0.49704211425781253 0.1674988327790398 0.1620927734375 0.035347465111291804
6 0.24109539031982422 0.10563039711446037 0.17785908508300782 0.040763494794460835
12 0.49455580139160155 0.3617258030969186 0.8841241455078125 0.028924049737627414
2 0.4564171295166015 0.7603521824565226 0.5149113159179688 0.01747378020498033
4 0.8548634033203125 0.10443944207929576 0.1451156005859375 0.015219594276002548
4 0.8103692626953125 0.1255946179827907 0.2337921142578125 0.016101176817188617
4 0.19504442596435545 0.061364723718558604 0.21014715576171875 0.01504227907019794
12 0.2774222507473746 0.38629041243349954 0.46183045578064125 0.012744821703996802
12 0.4890638809204102 0.41364184640166757 0.8882889404296875 0.03433057269313305
12 0.19580648040771487 0.06148115930298026 0.2144091339111328 0.0148235206440283
12 0.4328265419006348 0.45595265662721296 0.7823613891601563 0.0277696863264485
2 0.484203125 0.7734375 0.7815208333333333 0.020833333333333145
2 0.48966406250000005 0.7977430555555556 0.18809895833333334 0.017361111111111143
