9 0.36960851669311523 0.6756856940613067 0.2492038345336914 0.1757924918751404
10 0.5053815126419068 0.7558759087822186 0.9382282257080078 0.3095903285215914
9 0.733453540802002 0.7555144413676438 0.23360454559326171 0.17600115204542902
10 0.4885935020446777 0.2857856304926157 0.7942240142822266 0.16394262322411277
1 0.48517326354980467 0.06526028135287687 0.2160950469970703 0.028158299256742052
4 0.7034102630615234 0.014686604180211758 0.17657577514648437 0.013588854780308534
4 0.7409835243225098 0.044065069316853736 0.22393856048583985 0.015742882028530015
12 0.6697269248962402 0.11637800273226921 0.3404904556274414 0.01685362727601359
12 0.20687224388122558 0.14275133898958683 0.17882841110229492 0.018117639039511736
12 0.7454881286621093 0.09824505006527964 0.2050469970703125 0.015105227790003088
12 0.5244845199584961 0.15451857985833262 0.049333114624023434 0.015161108135213106
12 0.29125301361083983 0.11181834958634287 0.3516400146484375 0.01837389209949531
8 0.1542287302017212 0.49778236190370895 0.14633482933044434 0.0169689250442217
2 0.46851924714175297 0.9288314997560765 0.34774971372430513 0.017698275967963823
12 0.5431420516967773 0.1310931922933162 0.08619194030761719 0.015013771022854899
12 0.3737256422930315 0.4145520288239487 0.5588285238133575 0.016827579028737057
12 0.4067513291123436 0.39682676972188174 0.6217732652193164 0.02113699579063115
12 0.4066020952778064 0.376231042800053 0.6071400477256373 0.02337530796949718
12 0.5665498719607627 0.5238448397489885 0.5751911191155824 0.015651980500336903
8 0.29712367057800293 0.1860585242697278 0.3600087356567383 0.016485126834674024
12 0.30726305961608885 0.1849136969471235 0.36339870452880857 0.017198368973916217
8 0.1788371753692627 0.5207770417000084 0.18561798095703125 0.016926370433934187
12 0.5566861495042851 0.5452478345406546 0.6371490938136972 0.01904801388420934
12 0.49104894230995555 0.4551780303502885 0.7997172951223116 0.06286672830174593
2 0.48344654147656185 0.9518596584049256 0.9104030926030928 0.018965317553908324
8 0.15179030895233153 0.5422537119026561 0.1459419059753418 0.016108674823113206
12 0.5803823314001896 0.49868807317111624 0.617568480549403 0.01784677839664757
12 0.2409326171875 0.4262152777777778 0.2910514322916667 0.0069444444444444284
12 0.329697265625 0.5655381944444444 0.4202734375 0.019965277777777787
