9 0.7202648315429688 0.6498743693033855 0.1863233642578125 0.12955342262898414
9 0.9640057373046875 0.6973628074015648 0.04460180664062499 0.10931731221343038
12 0.2497222900390625 0.43017691153067134 0.24592687988281253 0.05825901303196226
12 0.28660523986816405 0.3517976418519631 0.31415850830078124 0.02453222030248398
12 0.42925003051757815 0.24366177724637197 0.6173677978515625 0.023142714106459225
1 0.49592247009277346 0.12957618582961905 0.09735293579101563 0.02533666496602898
9 0.9443815002441406 0.36080141420717593 0.04921099853515625 0.12049991792423433
12 0.425203872680664 0.20331339822535502 0.592068115234375 0.024848242430945067
12 0.6859371948242188 0.6905679295205664 0.31853369140625 0.028432645009793447
12 0.7208585815429689 0.7284103132720686 0.26313671875 0.030394160170161146
12 0.24822174835205074 0.5094963791023972 0.23988121032714843 0.05522425290186521
12 0.4901335754394532 0.2849784264197716 0.737411376953125 0.029930788567263177
12 0.3114916915893554 0.312227211107216 0.14495204162597655 0.020525592684406166
