9 0.6668660583496094 0.5949055638806573 0.22274371337890625 0.13569011819773708
9 0.9052952880859375 0.6002190109779095 0.135291748046875 0.14149447737068965
12 0.1697704544067383 0.72286865234375 0.05980528259277343 0.015736799568965516
12 0.1810291290283203 0.7493496598868533 0.08605487060546874 0.015933627424568966
9 0.5405289306640624 0.6925261398841596 0.09411352539062498 0.0827844659213362
12 0.1775956497192383 0.7828138048895474 0.058218124389648435 0.01733861462823276
12 0.29598255920410155 0.8636661503232759 0.3223959045410156 0.01833967537715517
12 0.4699590072631836 0.1506144977438039 0.73457763671875 0.06823882004310344
12 0.47018202972412104 0.36365796854978155 0.7350997314453125 0.06965286799934728
12 0.18313942718505863 0.6966406881398167 0.08663471984863282 0.017215912917564656
12 0.4695239791870117 0.21448712579135237 0.7329683227539063 0.04015744965651939
8 0.23662503051757813 0.41578449117726296 0.191206298828125 0.017869662580818964
12 0.2856014251708984 0.8362296689789871 0.2966197509765625 0.018561169854525862
12 0.19838513946533204 0.5756934225148168 0.11664146423339844 0.020623610924030172
12 0.47095878297584515 0.4715536931045456 0.7277477416992187 0.07181013436153018
12 0.2571815338134765 0.6696389033876617 0.23430636596679688 0.02000332536368534
12 0.5601440887451171 0.7236720012796336 0.18353067016601565 0.016818174164870688
12 0.2687198944091797 0.6406991050983298 0.26086151123046875 0.020213117928340515
12 0.3725248260498047 0.2604903227707435 0.5179259643554688 0.02648934199892241
12 0.6110742797851563 0.5766089077653556 0.2995101318359375 0.018337612809806034
12 0.47326388888888893 0.2986111111111111 0.7275173611111111 0.041666666666666644
12 0.3681640625 0.09852430555555554 0.5248697916666667 0.016493055555555552
12 0.6161241319444444 0.6436631944444444 0.27565104166666676 0.014756944444444357
12 0.5236111111111111 0.6697048611111112 0.10321180555555565 0.01475694444444457
12 0.5280164930555555 0.6961805555555556 0.11705729166666672 0.017361111111111143
12 0.6312282986111112 0.7508680555555555 0.3436197916666666 0.026041666666666713
12 0.5934678819444444 0.78125 0.2555121527777777 0.019097222222222286
9 0.6133044560954473 0.8193138511932301 0.29796986044770785 0.06948079545101529
9 0.6469599536671834 0.7589366455940442 0.201388888888888 0.030032534156202228
