12 0.5140672245310313 0.09020095731907361 0.7445257852434756 0.02358312411921222
12 0.5137984466391022 0.1440346252556455 0.7494482697740107 0.07552083333333345
12 0.5111156962668021 0.2138045678334297 0.7494482697740112 0.05034722222222222
12 0.4542099364588792 0.2535207956035768 0.5648549588433973 0.027777777777777807
12 0.5098866493380237 0.2953832959622102 0.7445257852434747 0.04600694444444448
12 0.47782398198134785 0.33815424202810557 0.5980818704600472 0.022569444444444434
9 0.2190505616088243 0.39192708333333337 0.18213192762980895 0.13454861111111113
9 0.6393076699411498 0.4301215277777778 0.1907462924825102 0.13281249999999997
12 0.2627376118173258 0.48958333333333326 0.26458354351627655 0.20312500000000008
12 0.6110033923527033 0.4982639316611619 0.37533944545332226 0.20659730776676838
9 0.5310130215522144 0.6679687671089093 0.19074626991682428 0.1362847564400407
9 0.3103613659784823 0.7010405613047636 0.09224646408326502 0.062496051649485275
12 0.3058093514595103 0.6414930555555555 0.3581107495964487 0.020833333333333287
12 0.41779587452919015 0.6723090277777779 0.5796225534705406 0.0234375
12 0.17967068536454128 0.6948784722222223 0.11075590193704599 0.018229166666666713
12 0.19013096499192897 0.7265625 0.12921521892655372 0.017361111111111143
12 0.2270495989709443 0.7526041666666667 0.2128974559456551 0.019097222222222286
12 0.21720462990987355 0.7803819444444444 0.1858237910277105 0.015625
12 0.49840155871670694 0.8233506944444445 0.7482176486413773 0.04947916666666671
