9 0.28983057975769044 0.6028757195723684 0.18084665298461913 0.12828369140625
9 0.3214524173736572 0.8090378878409403 0.27341886520385744 0.18736577619586076
9 0.9760475158691406 0.5171361019736842 0.04790496826171875 0.13001880311129385
12 0.3994736194610596 0.13490015665690105 0.563184700012207 0.01951465272066886
12 0.26433248760705447 0.7903699372944062 0.335512013483152 0.01848679927357453
12 0.359743709564209 0.514911183139734 0.4663949203491211 0.01851351553933662
12 0.5305468559265136 0.43025845979389393 0.7995238494873047 0.03655071593167489
12 0.24440644264221192 0.8357437936883225 0.2967280387878418 0.01701467413651316
12 0.5198941296926103 0.25714411149945177 0.7873524533528147 0.04077844452439703
12 0.5291081142425537 0.36939157854046734 0.8040579986572266 0.0595961989017955
12 0.2388099479675293 0.8797743680184347 0.2800894546508789 0.022989105760005478
12 0.5197800180072167 0.3055885314941406 0.7830941349755566 0.03801341809724509
12 0.24522637367248534 0.6064653898540296 0.30113941192626953 0.019758579187225876
12 0.5438091659545898 0.17564642387523985 0.8427032470703125 0.03685356273985746
8 0.19613707542419434 0.21042279695209704 0.20544532775878907 0.01868457459566886
12 0.22880630493164061 0.6984248646518639 0.26041168212890625 0.02188988401178728
12 0.26639677047729493 0.6528190746641996 0.3485667037963867 0.01902123166803728
12 0.5313413017739539 0.47634556811605755 0.8049232041338452 0.038901045771589336
2 0.4205147361755371 0.9668129904228344 0.1658908462524414 0.015229342276589912
8 0.23087321779763834 0.09989628781916209 0.27740840911865233 0.015721063446580318
9 0.9824847030639648 0.8048552663702714 0.01829139709472656 0.07122476142749452
7 0.6380950185412744 0.9642595800447823 0.13418712615966796 0.01935863829495614
6 0.7749674479166666 0.07378472222222222 0.2164713541666667 0.02777777777777777
