9 0.7473860473632813 0.5495175428168718 0.1886954345703125 0.14822356645451035
9 0.3603370361328125 0.5768939173498818 0.18681365966796876 0.1352536401083303
9 0.9409660034179689 0.3529414576153423 0.04539343261718751 0.12542345357495685
12 0.5244648742675782 0.17547861365384831 0.7347047119140625 0.0762777328491211
12 0.6878835754394531 0.5586241345072902 0.28267877197265623 0.02281818833462028
12 0.6978976440429687 0.5044629740160566 0.3026961669921875 0.024131952330123548
9 0.9350051879882812 0.5486008400140807 0.053410400390625 0.11603182415629544
12 0.31309599304199215 0.557394360387048 0.32223883056640623 0.023946939512740736
12 0.25977612304687503 0.12096508713655695 0.19001306152343753 0.01950852815494981
12 0.533099926469011 0.39322804295739494 0.7045744562095063 0.0262134463288063
12 0.35730728149414065 0.09252670199372048 0.32153582763671873 0.020932241927745735
12 0.2976540679931641 0.5004537271898847 0.27717138671875 0.024110572282658067
12 0.36685306869947687 0.4190834178480992 0.41974637724948394 0.021285788957462755
8 0.2572877655029297 0.22343906136446226 0.13636837768554688 0.01839903898017351
12 0.28892027282714844 0.6141306633173034 0.27498593139648436 0.03157234191894531
12 0.5188129248223212 0.3484215958173887 0.7276679223834337 0.04556941986083987
12 0.6814121704101563 0.6141792341720227 0.2724896240234375 0.030746060748432957
12 0.5044500427246092 0.2536656200868723 0.6437612304687497 0.023314644288933473
12 0.3907208404541015 0.4469476300616597 0.42173138427734375 0.020435155824173327
12 0.5195833333333333 0.2934027777777778 0.7214444444444444 0.04340277777777778
