9 0.2478251274628584 0.8611910177969954 0.1868254274478222 0.13329681318167236
9 0.9612260700857769 0.7738810882698889 0.04206864750226723 0.10918522887261192
12 0.8161824544270835 0.8642635557567901 0.2536571399668732 0.02117688451222555
12 0.4964886518891229 0.3973138267945629 0.8788290027647621 0.05516517230170033
12 0.49790324803467295 0.5346440559171834 0.8828440877229444 0.052826684800042774
12 0.4935888607912321 0.2202425506130596 0.8805493036137142 0.0515802936537639
12 0.19227360237610525 0.8633768317160323 0.2565972091016727 0.018302123431708013
12 0.7484900871624345 0.8271974814322247 0.12771733140618702 0.020011664728578557
12 0.48958012289887515 0.6185955029115875 0.8663039293946493 0.04950485468794554
12 0.49194203081728416 0.14791201134973647 0.8793597701982993 0.056738525306981265
8 0.17271464546569554 0.0929617423565258 0.24725725572948157 0.020805095654115875
12 0.20674769852441052 0.8266231905608425 0.2840857115641374 0.017338509365198176
8 0.1574064083322312 0.27897328598940513 0.20809455573294539 0.01857466707210579
12 0.27766827449160497 0.8268462725776127 0.2834686685213875 0.02092933274076846
12 0.4797602157254509 0.7018181480231501 0.5101510739432185 0.01739148655813373
12 0.37321628219271136 0.3293872551600339 0.6306736372210047 0.02432986287469703
12 0.41822639044039384 0.4677605760855521 0.7110112538889308 0.02218132791336969
