10 0.4788911792307137 0.7019582309881406 0.8995845699649688 0.2254469599420014
9 0.32447136169650803 0.6708477580316179 0.19797279656569727 0.15385973816763332
6 0.15813309611799028 0.08008117887121818 0.11143429847798737 0.02979046089827519
10 0.4850142604515646 0.2308476625056808 0.893740779564474 0.17806787041746017
5 0.07270277946445017 0.07656350228264722 0.051290359361315964 0.03784935758384641
1 0.48832360535754 0.11918910124295307 0.17041167669873217 0.03472947942252965
9 0.7545084291505644 0.6723596884603315 0.08602986726048152 0.15262736904323926
4 0.8246650831555132 0.07280514841264635 0.22748068812903136 0.017761373123633895
12 0.48584253883366785 0.34023861578265696 0.8960382658811201 0.030734957162072894
12 0.4815988735068232 0.4676100825595736 0.8814527301177435 0.042287026883369626
12 0.477576401734267 0.5624900362142189 0.883725855274132 0.035693585240072295
12 0.47958472105956157 0.40952364796375085 0.8857215528386342 0.03545563504966672
2 0.4805936800963339 0.9222128881227262 0.2980445141943938 0.017337619432782166
4 0.7953886527607874 0.09302016704696697 0.27906120544650803 0.01838096555250173
2 0.4739385741111288 0.9026630431613819 0.7400316895814838 0.017912165875081733
12 0.48295974702322847 0.37227254999228704 0.8883807090677824 0.029778562424255542
12 0.2724691516813255 0.43740773256568866 0.4559763434203583 0.01497745249740303
12 0.374228047780987 0.5050273752360092 0.6700463983245859 0.01669870619938197
12 0.34601199625380036 0.5219099303691994 0.6186025342072078 0.014108842759911654
12 0.18141853565738203 0.5374567343587688 0.29008805600168075 0.013124671999437308
2 0.4574538755958312 0.8849272159988524 0.49057010521020905 0.013384198217841066
