1 0.4862294151050539 0.030815972222222224 0.20821502933939043 0.030381944444444448
12 0.6163638084421731 0.08072916666666666 0.22714366837024427 0.05208333333333332
12 0.4850463751656256 0.171875 0.8162975582055649 0.11805555555555555
12 0.48504637516562565 0.2699652777777778 0.8186636380844219 0.03819444444444443
8 0.15024607230740114 0.31901041666666663 0.14669695248911604 0.018229166666666678
11 0.2318758281279576 0.33940972222222227 0.3123225440090857 0.013888888888888928
10 0.4631601281512518 0.4631076217799797 0.7772572564743276 0.23003475644004073
12 0.3708830210107893 0.5876736111111112 0.5998012492901761 0.013888888888888928
12 0.2957599848570888 0.6501736111111112 0.4471890971039183 0.05381944444444457
8 0.23542494794624264 0.7074652777777777 0.326519023282226 0.013888888888888715
12 0.48327181525648305 0.7387152777777777 0.81984667802385 0.03645833333333329
8 0.15675279197425707 0.7881944444444444 0.1668086314593981 0.017361111111111143
12 0.48386333522619723 0.8511284722222221 0.8257618777209919 0.1015625
