9 0.3369807480320786 0.3124512734700104 0.19574257590553976 0.13881783316494611
9 0.6189961751302083 0.5903448218013098 0.19015380859375 0.13003353781543428
9 0.35049510609019885 0.0810688994045803 0.18739291104403408 0.1319761776893606
9 0.4437668678977273 0.6164760483771472 0.09257420395359847 0.07100725357114276
9 0.034011546048251066 0.20060898654236023 0.0559662558815696 0.12512931221324158
12 0.33886632745916195 0.3944776130445076 0.2911227694424716 0.018349830279022622
12 0.3223716319691052 0.7362357777405437 0.2915734678326231 0.02233751258736129
12 0.3623796497691761 0.21650008731960896 0.3314071747750947 0.028263940294227487
12 0.3726562684955019 0.7749483220047081 0.3442623993844697 0.03053555262684059
12 0.44363834265506624 0.33451230435406 0.5024833170572917 0.08337725363783077
12 0.3645404052734375 0.4255933904057631 0.33592606977982953 0.02594223380648474
12 0.3918232865767045 0.1427982800850439 0.39783454663825757 0.12502207737726073
12 0.5013871996330492 0.5350379048378815 0.6915838808001894 0.059507531993571276
12 0.4986679447058476 0.680105029442755 0.6916471354166667 0.060166544961054204
12 0.45052951388888884 0.5902777777777777 0.5016840277777778 0.019097222222222213
12 0.3309635416666667 0.6276041666666667 0.24036458333333335 0.019097222222222213
7 0.5072309027777778 0.9275173611111112 0.0283506944444445 0.019965277777777856
