12 0.2449391632080078 0.8102997498735581 0.2842796630859375 0.022467579066589187
12 0.3064382400512695 0.8454507034343792 0.39707992553710936 0.021211061924285467
12 0.24063112640380857 0.7371781194177213 0.27403289794921876 0.021026779469051307
12 0.26873188018798827 0.2003205039284446 0.32640777587890624 0.022069694582095817
12 0.3239310150146484 0.27175577547267776 0.4314050903320312 0.021668195067686812
12 0.22676767730712888 0.7740196038868803 0.2314761962890625 0.02124595116649449
1 0.4855602264404297 0.12616580511256026 0.31183853149414065 0.03599956081590048
12 0.31039809417724606 0.5571474437871254 0.3917685546875 0.020124030835700756
12 0.22819835662841798 0.8825576824261794 0.2464579772949219 0.02285119258996212
12 0.31070450592041016 0.39816198007462766 0.3939637145996094 0.05554228643412104
12 0.4856046791076658 0.6291617947104182 0.8659147949218746 0.09695474098011894
12 0.2019721221923828 0.23568235875489627 0.19865457153320315 0.02325086357179752
12 0.3359980087280273 0.3060048946664353 0.45005596923828123 0.02633723739750129
12 0.20495108527186912 0.5208499372498061 0.1714007583808221 0.02608210455944384
12 0.198515625 0.4887152777777778 0.16763541666666668 0.02256944444444443
12 0.3258177083333333 0.453125 0.4071145833333333 0.02604166666666657
8 0.48336979166666666 0.7018229166666665 0.28359375 0.021701388888889
