1 0.49750434027777785 0.13975694444444448 0.3924334490740742 0.06250000000000001
4 0.4468677662037037 0.05208333333333334 0.2202690972222223 0.015625
4 0.6785300925925927 0.05078125 0.07848668981481488 0.013020833333333322
12 0.4329427083333334 0.2730034722222222 0.6228298611111112 0.02170138888888889
12 0.2525499131944445 0.3038194444444444 0.256980613425926 0.022569444444444465
12 0.1727973090277778 0.33420138888888884 0.1025390625 0.022569444444444357
12 0.1778609664351852 0.3641493055555556 0.10507089120370372 0.019965277777777714
12 0.4234483506944444 0.5125868055555556 0.5987774884259259 0.018229166666666644
12 0.3177445023148148 0.5425347222222222 0.3949652777777778 0.020833333333333287
12 0.30825014467592593 0.5733506944444444 0.37344473379629634 0.019965277777777787
12 0.2772352430555556 0.6032986111111112 0.3038194444444445 0.01736111111111107
12 0.28103298611111116 0.6336805555555555 0.31394675925925936 0.019097222222222144
12 0.2164713541666667 0.6627604166666665 0.18735532407407413 0.021701388888889
12 0.23799189814814817 0.8146701388888888 0.23546006944444442 0.021701388888889
12 0.28103298611111116 0.8450520833333335 0.3088831018518519 0.021701388888889
7 0.5032009548611112 0.9318576388888888 0.12026186342592603 0.01822916666666657
9 0.9690212673611112 0.6506076388888888 0.061957465277777714 0.12586805555555544
9 0.9614257812499996 0.8428819658305806 0.07714843749999982 0.13888884611661567
