9 0.3221593383640859 0.15593464734175622 0.18969771023560805 0.13070711778173563
9 0.6671311036144274 0.13906615392958505 0.19125923209227033 0.13031659372382468
9 0.3582217294838881 0.4142432733584171 0.19041575636761432 0.13259067105743869
9 0.9401034915172249 0.5663604083685309 0.03705513250581748 0.1079613234468563
9 0.963376040981637 0.31392096004698195 0.04761325121408336 0.11691612241476868
9 0.5609028351929255 0.4377547395443488 0.10384834193835997 0.07171270600539992
12 0.5020885583313309 0.31870724232338893 0.7115053171476629 0.043367297213608505
12 0.2840600501955496 0.5201736245700563 0.2656609393574843 0.018915364026411464
12 0.2805601434155738 0.23244191548543536 0.1950007662122812 0.03870821067129135
12 0.3694666058230885 0.38298077742394704 0.45069432421512656 0.02051425190912816
12 0.6363129934189726 0.22943506820065224 0.270948718019653 0.04751472919117124
12 0.2739961655793138 0.491579445740216 0.24723173085131273 0.015193942472198458
12 0.5103065061549914 0.1311785193039257 0.6644904624108405 0.11115859056906238
12 0.4511513149302122 0.4383571723740015 0.6156933303087923 0.018485838033753876
7 0.48684197135996304 0.914700732463644 0.1188526655295174 0.017573112703165097
12 0.24578390580736545 0.41189236111111116 0.1983519239848914 0.021701388888888857
12 0.2654958982530689 0.46527777777777785 0.2353119098205854 0.019097222222222213
