9 0.2501686378761574 0.8370884244067281 0.19712258798104745 0.15148110847313978
9 0.6626505533854167 0.793645017833471 0.20161980523003473 0.15523769925134737
10 0.48112859372739436 0.24578069015736376 0.8037720856843171 0.25039725907157295
1 0.48043184633608216 0.03779171106712543 0.24489768699363426 0.02586918911781364
10 0.4715977668762207 0.8226036528055458 0.8453818427191842 0.1172671258366655
12 0.42871637374041305 0.10798025330184062 0.5882065025327367 0.01894405189906771
12 0.4957650751211933 0.06719335362377356 0.7349847796459599 0.01545429362375316
12 0.47449530142324947 0.7131430113685172 0.8453734221281829 0.045811086768732606
10 0.47235421781186704 0.5293488058161835 0.8359923751265914 0.30528032199398036
12 0.257485184846101 0.08583065929598536 0.31949428982204864 0.016334135774445303
12 0.35656426826131693 0.7565104166666665 0.5027729552469136 0.03211805555555557
