10 0.5091305648499405 0.44516451710248844 0.9184506842893073 0.30462637365576756
9 0.9514129290893206 0.2119964432431407 0.09717414182135861 0.14421383983110528
9 0.9362644728092725 0.7173191693674521 0.1272083075977119 0.1420400551115849
12 0.5075114687599093 0.24175771495175552 0.8304742959780742 0.04021739401970211
12 0.271957843052356 0.15488101001754698 0.3399318684200276 0.020991868706813372
1 0.5146466333981593 0.09540956428801396 0.5087841066539797 0.06419038202658117
12 0.27596104722416975 0.1952530758314399 0.3667759908909811 0.02455400565705926
12 0.40700918340939135 0.8596081980671066 0.26031202013367416 0.019308872906810257
12 0.47020772466802446 0.8848831663093726 0.17965537492026187 0.01893153703545196
8 0.19586204463600093 0.27950612102371764 0.2475098177918002 0.016801324973543325
12 0.7321382614961717 0.1537370947727644 0.1741592102920228 0.01705535949463863
12 0.6357506434536927 0.6896275980064115 0.5942627984764473 0.021228805481200444
12 0.7275589510925815 0.19468182111641327 0.1675380695919026 0.01721864677520387
12 0.4223372062324545 0.7360547967883039 0.5600115734502634 0.020577343669983136
12 0.6142618623231291 0.8115478150873069 0.558871915669915 0.017924517749315232
12 0.29433618311868437 0.9340098711598919 0.27421435059984867 0.021703104573891928
12 0.3256042458732583 0.7856649877540619 0.3393574684773416 0.019002055741876245
12 0.4111522228969129 0.8352696696125653 0.4906199311259126 0.01833650505400274
12 0.5728082098713583 0.9133304124809314 0.6741019438751824 0.02012269525413965
12 0.7057885208926875 0.1736111111111111 0.13283970402025966 0.015625
8 0.29795821462488126 0.6128472222222222 0.32278806584362135 0.02430555555555557
8 0.3010619460272238 0.6375868055555556 0.3190635881608104 0.019965277777777787
12 0.6908906101614434 0.6419270833333335 0.4456958293763849 0.021701388888889
12 0.2818188113327002 0.6618923611111112 0.20360477999366888 0.019965277777777856
8 0.3016826923076923 0.7604166666666667 0.3501009021842355 0.02083333333333343
12 0.6958565804051915 0.7621527777777777 0.4233489632795189 0.026041666666666713
8 0.2352628402975625 0.8064236111111112 0.20484627255460588 0.022569444444444572
8 0.19801806346945233 0.8576388888888888 0.14028865938588161 0.02083333333333343
8 0.2482985121874011 0.8828125 0.23588358657803102 0.015625
8 0.1824994064577398 0.90625 0.10428537511870843 0.020833333333333145
12 0.24643638432553341 0.7087673782200197 0.16263574744182357 0.019965243559959267
8 0.24022881054131054 0.6870659722222223 0.20484627255460594 0.018229166666666713
