4 0.5046221405228759 0.08984375 0.6578952205882354 0.030381944444444454
1 0.5228970077614379 0.1801215277777778 0.180390625 0.028645833333333356
12 0.3643183210784314 0.2573784722222222 0.4197324346405229 0.014756944444444428
12 0.5206796575220064 0.38822347287806147 0.7357107843137257 0.20399305555555558
12 0.5199494485294117 0.5390625 0.7333527369281047 0.07118055555555557
12 0.5264340788398694 0.7256944444444444 0.20868719362745097 0.017361111111111143
12 0.42857511233660134 0.8111979166666667 0.38318270016339867 0.011284722222222286
12 0.7657758884803922 0.8394097222222223 0.20161305147058825 0.017361111111111285
9 0.7262785947712416 0.7126736367744749 0.19100183823529407 0.13715272645105006
9 0.8770905301495712 0.8075932074121878 0.11438606330467722 0.08143932529788742
