1 0.522192760942761 0.09765625 0.38425505050505054 0.0390625
12 0.5554456018518519 0.1701388888888889 0.6601304713804714 0.02604166666666666
12 0.5505192550505051 0.203125 0.6478146043771045 0.02256944444444443
12 0.5067979271885522 0.2339409722222222 0.5579087752525252 0.01996527777777775
12 0.5092611005892256 0.2690972222222222 0.5579087752525254 0.026041666666666678
12 0.36578125 0.2986111111111111 0.28572811447811447 0.02256944444444443
12 0.5554456018518519 0.33376736111111105 0.6625936447811448 0.0234375
12 0.5511350484006734 0.3671875 0.653972537878788 0.02083333333333343
12 0.28572811447811447 0.40104166666666674 0.11084280303030301 0.0225694444444445
12 0.5449771148989899 0.43359375 0.6441198442760944 0.025173611111111143
12 0.5548298085016835 0.46918402777777785 0.6564357112794613 0.019965277777777787
12 0.4944820601851852 0.5021701388888888 0.5406665614478114 0.02170138888888893
12 0.49325047348484846 0.53515625 0.538203388047138 0.025173611111111143
12 0.3559285563973064 0.5677083333333333 0.2537068602693603 0.019097222222222213
12 0.5492876683501684 0.5989583333333334 0.6527409511784512 0.02256944444444443
12 0.5462087015993267 0.6323784722222221 0.6342671506734007 0.02343749999999993
12 0.5535982218013468 0.6657986111111112 0.6539725378787878 0.024305555555555428
12 0.5184980008417509 0.7703993055555555 0.7389520202020202 0.1588541666666667
8 0.42612899831649825 0.8693576388888888 0.45815025252525243 0.021701388888889
