9 0.38074751853942873 0.5874342384751523 0.19689653396606446 0.1385823053573443
10 0.4976818561553955 0.7397574965273861 0.8075565338134766 0.2282991374873082
5 0.15775026321411134 0.06948679534967195 0.0718359375 0.05216739324025729
6 0.2784181785583496 0.071602220569707 0.16216793060302734 0.03884134051601809
4 0.7792519950866699 0.05353791791179121 0.3191505813598633 0.01453423413989346
10 0.49575998306274416 0.26483449006338844 0.7991038513183594 0.06474133432987364
4 0.7316464805603027 0.030371115956495817 0.23003650665283204 0.018387176499900404
2 0.4842094993591309 0.9147115218510267 0.2594163131713867 0.01160395102380415
12 0.7296304130554199 0.179062468050189 0.35535587310791017 0.017593962190813967
12 0.8402265930175781 0.1563909509982443 0.12240188598632812 0.013438365950050768
4 0.8000975036621094 0.12347666193001534 0.21641098022460936 0.014901543352147733
4 0.7071625900268554 0.09682739684728077 0.18000404357910157 0.014436790659109178
4 0.2601502513885498 0.013379192954796748 0.4306369400024414 0.015475820548267571
12 0.2592607307434082 0.1770843409459083 0.3233927536010742 0.01646309036640484
12 0.4966176605224609 0.3268241331465408 0.7971978759765626 0.03643074448788639
1 0.5027264976501464 0.15015058827314134 0.20740032196044922 0.02916626637593073
12 0.17888427734375 0.19504443833113577 0.16104591369628907 0.014121678762057197
12 0.3448854573184934 0.42966202277999527 0.4778864797721926 0.0138092041015625
12 0.5993677520751954 0.19739176478196568 0.10619705200195312 0.01620589438758602
12 0.4307061250423682 0.4747183792836882 0.6576619228888966 0.06713278554135128
4 0.6839824867248534 0.07506334394324127 0.1307383346557617 0.013933181762695312
12 0.26302332878112794 0.2134849947712482 0.3280513000488281 0.016810406846690263
12 0.5089244026193254 0.5692169146102443 0.815451441953727 0.03268656500568769
12 0.2585108757019043 0.5414938530767006 0.31679248809814453 0.014156355324204648
12 0.425321684688634 0.5233282427935841 0.6400760825270272 0.01750227063328692
12 0.49595674015254315 0.40230797000931484 0.7853808493846768 0.03725832380064026
12 0.504827389117107 0.3641975210031444 0.7959060967047473 0.032025994806943736
2 0.4971332465277778 0.9327256944444445 0.7874782986111112 0.019965277777777856
