9 0.37079051017761233 0.21187842529068063 0.19155122756958007 0.1464506254759255
10 0.5042460115296937 0.36168416817834 0.7950260844912723 0.34995050260477667
9 0.5783279037475585 0.36687688997334816 0.05712234497070313 0.1341065368366331
2 0.4988111686706543 0.9777297759123126 0.1525118637084961 0.017544489881091845
12 0.7306489944458008 0.04304872636160453 0.21944328308105468 0.01897573426379818
12 0.2742863512039185 0.027518117774169695 0.4173885345458984 0.017761144664875234
12 0.7773446655273437 0.06780367871814502 0.323250732421875 0.015904023475253704
2 0.5484221076965332 0.9925561706485766 0.6354457092285156 0.014784922863460637
12 0.6812349319458008 0.09034419752440949 0.13188499450683594 0.015169431477254422
12 0.6902204704284668 0.11309232416841171 0.1487070083618164 0.013413262121456186
2 0.6155605316162109 0.993218004535936 0.39141342163085935 0.013563990928127928
2 0.38040790557861326 0.993606181265376 0.4466603851318359 0.012443506728854265
1 0.288673620223999 0.08673524007466538 0.1536716651916504 0.03973947827125556
2 0.4458338451385498 0.9935202057828607 0.2773516273498535 0.01295958843427835
6 0.28615875244140626 0.08848191737681767 0.1557953643798828 0.041212380435160643
