10 0.5233925878474142 0.36492180824279785 0.7524269306554203 0.17247915267944336
9 0.9639684626486449 0.6713203811645507 0.06551340828954647 0.1274004364013672
9 0.3254059310507985 0.2097264337539673 0.21897044224021708 0.1459076976776123
12 0.3153886778164754 0.6593068313598632 0.35805450709520187 0.018728256225585938
1 0.46899879928183763 0.08183422088623046 0.12987814033980918 0.025522823333740233
12 0.4198900746033255 0.26083917617797847 0.5642001801887445 0.018088645935058593
12 0.7449724315542035 0.1327840518951416 0.17007689349419247 0.01556844711303711
12 0.26779343596601907 0.6308297348022461 0.2637222425072594 0.017943191528320312
12 0.5142119281059873 0.8332880783081055 0.7635083223866149 0.06730064392089843
8 0.20381739793625556 0.89408935546875 0.15160506256913717 0.0200531005859375
12 0.7814599771415238 0.1129533290863037 0.24233846748824667 0.015126934051513672
8 0.22713882311255532 0.6854145050048828 0.18388655670976217 0.018001708984375
12 0.5232984289658809 0.21919193267822265 0.7632682867809735 0.03932022094726562
12 0.5166503096048811 0.730801773071289 0.7706847064262999 0.03949142456054688
8 0.24590978031664826 0.6029437065124512 0.21601821764380533 0.017978553771972657
7 0.7695254435581442 0.9547281646728516 0.10143411011822456 0.014853668212890626
8 0.1894421400222103 0.7687672805786133 0.11511423566700082 0.017380905151367188
8 0.19794969136736035 0.5471037483215332 0.12249348058109791 0.017587928771972655
12 0.37362199631412474 0.178826904296875 0.31295549510854537 0.0186859130859375
12 0.5222503662109375 0.5219790047508256 0.7683946997718474 0.032484512329101566
12 0.27943177349799503 0.17601432800292968 0.2685455052198562 0.01886829376220703
12 0.8419879744538165 0.036084977388381956 0.11117688744469026 0.026239640712738037
12 0.5165967072620551 0.5738949758292147 0.765621651168418 0.026089370105607534
12 0.5182812040885993 0.49684566497802735 0.7627207528173396 0.021476364135742186
12 0.3469346713175816 0.15265702247619628 0.3964170742878872 0.025797481536865233
