10 0.4666746139526367 0.759969773372224 0.8272216033935547 0.24143178062472515
9 0.3578330421447754 0.6348147698421697 0.1995589828491211 0.14161031248282213
5 0.11513367652893067 0.08053011126757298 0.07555492401123047 0.05181576100586796
4 0.7732889556884766 0.12997917638290526 0.21868423461914063 0.01583332206034933
1 0.4695859146118164 0.1575890828772606 0.20681678771972656 0.029210717193684038
9 0.6462323188781738 0.6813224047658311 0.19341747283935548 0.11889626965149516
6 0.2369821262359619 0.0816777178144497 0.16898109436035155 0.037694261696848204
10 0.46463325977325437 0.28332661785571955 0.8283656311035156 0.08176042997952397
4 0.7046228218078613 0.03912072026530377 0.2395615768432617 0.016576983368805656
4 0.22690548419952392 0.023025253517332055 0.43682273864746096 0.015826029848821768
4 0.7508772659301758 0.0625627613319256 0.3327007293701172 0.015221477498479758
2 0.45791116714477537 0.9305221302633025 0.16352489471435547 0.013637948686235708
4 0.6644880676269531 0.10503055971761281 0.15249603271484374 0.013589501695456797
12 0.2181142282485962 0.18553850078331136 0.324840087890625 0.014644143029903254
4 0.6554861068725586 0.08259318812226871 0.1339356231689453 0.013536518670638193
12 0.2259553575515747 0.22322764266659106 0.34309341430664064 0.01492948372739391
12 0.473433575630188 0.4141868517497389 0.8335936737060546 0.03660450635925132
12 0.39358992184671426 0.5165356412456522 0.6654398345947263 0.05127401948853492
12 0.4851753902435303 0.5928992117929583 0.8493408966064453 0.022446228939918645
12 0.4543264675140381 0.45137484239294745 0.7851504516601563 0.033757004280727795
12 0.2533451271057129 0.6089858673283587 0.33375556945800783 0.014853283723614776
12 0.813559799194336 0.16347994842126692 0.11640365600585938 0.013743874475215754
12 0.1381419277191162 0.20382432761481695 0.17047582626342772 0.014621355497952397
12 0.3109792794832752 0.4800487602798441 0.5058846192970125 0.01762795505543668
12 0.8419063186645508 0.1865257122271294 0.08175697326660156 0.017368675641250275
2 0.46680863912796466 0.9452783589627294 0.7520321804873071 0.014357701874450284
12 0.3934734058380126 0.5613870588798419 0.6587306213378905 0.031431168248909264
12 0.6020840454101563 0.20565449656785947 0.10938644409179688 0.01531504662076737
12 0.4744486854418772 0.36715232152481453 0.8278902434157365 0.0525968445951516
12 0.6073067092895508 0.18521969676961372 0.10096717834472656 0.016837852296854385
