9 0.9545604705810546 0.4142904182743285 0.085848388671875 0.1478235818213949
10 0.46990381240844725 0.36755077710812323 0.8886750030517578 0.24929565084531102
5 0.09326456069946289 0.03534039273563137 0.05758333206176758 0.04457432408022723
9 0.9406855392456055 0.7328435123022945 0.11171791076660156 0.14587810778820098
8 0.1161897325515747 0.739155617443376 0.1129636287689209 0.016987734982475258
1 0.47225765228271493 0.10320170885206505 0.31956329345703127 0.02648332543692198
12 0.4786540508270263 0.7985996060903153 0.8272122192382811 0.08603190705133082
12 0.47765456676483153 0.870680885422803 0.8334862518310547 0.0424209867975377
7 0.8790549850463867 0.9567342429201519 0.03472587585449219 0.013252625029453347
12 0.38178272828591103 0.5293223302842972 0.3826144292924354 0.014676912902774487
12 0.3914038118961626 0.19586212052634722 0.5844258366027619 0.01603660322023956
12 0.47484252880822203 0.6820853281402873 0.8294841766357421 0.08370114457223284
12 0.490740819600187 0.5514111604250109 0.4285932814539228 0.015863618122643728
12 0.4751805925369263 0.9313308471334529 0.8357228088378906 0.022708874845369934
8 0.120565505027771 0.5300281463536758 0.11534699440002441 0.015946915866517437
12 0.6258139501189742 0.16510440788210012 0.3329797962952546 0.019859945484099244
8 0.15118424959815568 0.5757637850862984 0.1707148088581766 0.0154945308818332
8 0.12875097751617431 0.6221921814712683 0.13108497619628906 0.016782021769704288
12 0.4422716377473373 0.2426287376214945 0.752913542132278 0.015895066270228738
1 0.2957334232330322 0.03358694790220845 0.34467056274414065 0.04064852959923201
12 0.16090566372280604 0.5993777420652854 0.1988118553161621 0.01674819644277215
12 0.24824498066227263 0.16799830528398893 0.3681758545647636 0.017631005836364573
8 0.11496236324310302 0.9042614592480155 0.1087246036529541 0.016736231021000237
8 0.16442716912780725 0.5532759541503443 0.200855909910888 0.017669533919209442
8 0.12778971354166668 0.2209201388888889 0.1243359375 0.011284722222222215
12 0.5687217881944444 0.5794270833333333 0.6493098958333333 0.018229166666666644
