5 0.0890353536605835 0.09634757805549377 0.07731961250305176 0.060238251058232314
10 0.4952276086807251 0.2998965796202527 0.8774246215820313 0.2324368351294901
9 0.3519627285003662 0.7246025329807051 0.20248300552368165 0.1477348354787589
6 0.21792664527893066 0.0922644367421649 0.17030990600585938 0.04469620375446578
1 0.48525907516479494 0.15736274447729579 0.16761859893798828 0.030874489889450345
10 0.5089095401763916 0.7487829893933496 0.9100105285644531 0.21455106361905027
9 0.7136184692382812 0.7049631682154971 0.21560501098632812 0.16030481956183273
4 0.8189678573608399 0.04523570003034381 0.22886558532714843 0.01955925272877106
4 0.16734999656677246 0.044837111680108885 0.22110496520996092 0.019428385534320438
12 0.49367082048586675 0.5041895666245049 0.8759211487378445 0.033670638396961536
12 0.5081193315215888 0.6200776138253178 0.8939719082458845 0.03855355950044252
12 0.5124876075111869 0.4714952358319143 0.9131627168013562 0.0332763464344589
12 0.49517388872248275 0.542759131231522 0.8867087067774464 0.04568570055688372
4 0.8475451278686523 0.0672313581582066 0.16582267761230468 0.018094181590232985
4 0.80723876953125 0.09262273659485515 0.2416044616699219 0.02000446251702902
12 0.4901364350735908 0.436172758616564 0.8719772906887208 0.043737643181738145
12 0.36781785184185833 0.5831359296249812 0.6213247421054352 0.02992380425648604
2 0.5079709201388889 0.8697916666666667 0.4988237847222222 0.010416666666666572
2 0.5079709201388889 0.8828125 0.6817664930555556 0.010416666666666857
2 0.5122395833333333 0.9045138888888888 0.36588541666666674 0.013888888888889
