9 0.24277886708577476 0.75428821316999 0.17960889180501302 0.13307265855779696
6 0.2071062723795573 0.07909452618651129 0.11770889282226563 0.030460348176718943
10 0.48580804189046217 0.8181591128828514 0.8293315633138021 0.19342982353855726
10 0.4994872283935547 0.35219083377970983 0.8238897196451823 0.2960990981676092
9 0.8872482299804687 0.44626968535617806 0.09707478841145833 0.12565768417434311
1 0.48410015106201176 0.12041603392036401 0.15428423563639324 0.030276417139157727
5 0.11853778203328451 0.07701606418362897 0.05637193044026692 0.0383968780289835
9 0.7041816457112631 0.8020700862751672 0.10670689900716146 0.12851066019997667
4 0.8088034820556641 0.06708971184877614 0.20908289591471355 0.01694962990224658
10 0.5003997248301673 0.1579380247852995 0.8218702280740415 0.04339575390537061
12 0.4882533199899205 0.5826272157887307 0.8078391886633501 0.03169652834460501
4 0.7855858612060547 0.09027238627571373 0.2584777323404948 0.018002325029515508
12 0.4867048072814939 0.6327059742311811 0.8068435160319009 0.043994848780109404
12 0.4888112767537436 0.5209478116706296 0.8032266235351565 0.030099212937224902
12 0.29899644974790685 0.604660413751554 0.43663433293857024 0.01401538753983986
12 0.35959311338291344 0.6667455796578633 0.5596100327963475 0.017653963459071817
12 0.48852578624624343 0.5529687036922314 0.8036256683529831 0.029098700528121087
12 0.4860090824528598 0.689794460610657 0.8119758909512623 0.025659210053249414
12 0.19219562530517578 0.7149471453766324 0.22281326293945314 0.013080653859608209
12 0.23845486111111114 0.1909722222222222 0.29777777777777786 0.01909722222222225
