1 0.5286017305107527 0.0546875 0.2443478382616487 0.022569444444444448
12 0.848464101702509 0.08897569444444443 0.23329693100358426 0.01822916666666666
12 0.23943632392473116 0.1427951388888889 0.28241207437275984 0.013020833333333339
12 0.2744308635752688 0.171875 0.3499453965053763 0.013888888888888928
12 0.5322853662634409 0.2426215277777778 0.8730216733870968 0.049479166666666644
8 0.18233996975806455 0.2912326388888889 0.1755866375448029 0.014756944444444428
12 0.9153834845430109 0.32204861111111116 0.10191392249103942 0.017361111111111143
10 0.5316714269713262 0.43315972222222227 0.8693380376344086 0.14236111111111108
8 0.15348482302867383 0.5425347222222222 0.11787634408602149 0.013888888888888857
10 0.5316714269713262 0.6145833333333333 0.8668822804659498 0.057291666666666574
8 0.15471270161290324 0.6814236111111112 0.11787634408602152 0.017361111111111
12 0.15348482302867383 0.7947048611111112 0.10805331541218638 0.013020833333333428
12 0.2099672379032258 0.8233506944444444 0.2210181451612903 0.009548611111111143
12 0.12094604054659498 0.8524305555555557 0.04297575044802868 0.008680555555555572
12 0.11849028337813622 0.8797743055555555 0.03806423611111112 0.011284722222222144
12 0.1344527049731183 0.9097222222222223 0.06998907930107529 0.012152777777777714
12 0.12094604054659498 0.9379340277777777 0.03315272177419356 0.009548611111111285
12 0.19461875560035843 0.9670138888888888 0.18786542338709677 0.00868055555555543
12 0.576488995295699 0.7955729166666667 0.10928119399641574 0.013020833333333428
12 0.628673835125448 0.8220486111111112 0.21856238799283154 0.012152777777777856
12 0.648933831765233 0.8502604166666667 0.25171510976702516 0.013020833333333428
12 0.5967489919354838 0.8810763888888888 0.14734543010752696 0.012152777777777856
12 0.6741053427419356 0.9079861111111112 0.31188116039426517 0.013888888888889
12 0.6329714101702509 0.9379340277777777 0.21733450940860208 0.011284722222222286
12 0.620692624327957 0.9652777777777779 0.19277693772401436 0.015625
9 0.30819752464157707 0.8072916666666667 0.2013720878136201 0.1440972222222223
9 0.7336574540770608 0.7968749828910907 0.2001442092293907 0.14062503421781863
