9 0.9476215362548828 0.47153595780904317 0.09489501953125 0.13162269254701328
10 0.4840671157836914 0.4469378851156319 0.7771530151367188 0.3457211384731057
9 0.9117120361328125 0.6267480900857301 0.1061004638671875 0.13489914615597345
1 0.4852508735656738 0.07807745131771121 0.1074746322631836 0.022368419275874584
12 0.26697665214538574 0.14074268847440197 0.3388832092285156 0.017253490886857025
12 0.27696096420288085 0.10912705818108753 0.35851802825927737 0.018858364409050057
12 0.5695942306518554 0.14066107420794732 0.119656982421875 0.018140985269462114
12 0.1691477108001709 0.17690773347837738 0.1552719306945801 0.016935378893286782
12 0.6357249069213867 0.10848438971865493 0.2401879119873047 0.01905616827770672
12 0.4822148323059082 0.723501451880531 0.7681455993652344 0.036568916793418144
12 0.5959932136535645 0.17566397337786918 0.16144954681396484 0.01566099993950498
12 0.1416069507598877 0.20794530547825635 0.0954734992980957 0.016237052984997235
12 0.2308666706085205 0.6846502793573701 0.265721492767334 0.016015895067063052
12 0.3628640456808592 0.9011184557349258 0.5192576607439939 0.01694714031388272
12 0.4341972724240849 0.6438965924018248 0.6605341927922104 0.018373094406803087
12 0.5048783401818231 0.8352016482732988 0.8089474288282484 0.04847277075843468
12 0.36001645046601555 0.8735204646017704 0.5141738899920409 0.016215150546183624
12 0.41383779525756836 0.2582809043141593 0.6299494934082032 0.016131591796875
12 0.3700164604187012 0.2358823725607543 0.5486344146728516 0.02096623783617948
12 0.48353628158569334 0.7909071120540654 0.7705355072021485 0.04111997891316373
12 0.39204702377319334 0.7550395594233961 0.5686838150024414 0.017663358165099556
