1 0.5036904049471375 0.0915798611111111 0.1545980450827848 0.018229166666666678
12 0.7443147815679234 0.109375 0.16457211250748047 0.013888888888888893
12 0.720626371434271 0.13758680555555558 0.11968880909634948 0.014756944444444446
12 0.16519549172152406 0.10980902777777779 0.07605226411330543 0.013020833333333339
12 0.27927388789148216 0.16145833333333331 0.30670257330939565 0.057291666666666644
12 0.3409884300817873 0.2378472222222222 0.4376122082585278 0.06423611111111115
12 0.5005735088769201 0.2886284722222222 0.7617693995611411 0.028645833333333322
12 0.27179333732296035 0.31119791666666663 0.3017155395970477 0.013020833333333322
8 0.2468581687612209 0.32638888888888884 0.2543387193297427 0.012152777777777785
10 0.499326750448833 0.36328125 0.7567823658487931 0.05295138888888886
9 0.9587572197680864 0.3754340277777779 0.039896292560375114 0.11024305555555557
9 0.9781318571713544 0.5247396175511517 0.04373628565729049 0.11024298711991895
12 0.19636445242369838 0.4171006944444444 0.14587073608617593 0.0147569444444445
12 0.5024436465190505 0.44401041666666674 0.7605226411330541 0.0321180555555555
12 0.3360013963694395 0.4678819444444444 0.4276381408338321 0.012152777777777714
12 0.50057350887692 0.4969618055555556 0.7542888489926192 0.033854166666666644
8 0.19013066028326353 0.5394965277777778 0.14587073608617593 0.01649305555555557
12 0.19636445242369838 0.55859375 0.14587073608617593 0.013020833333333285
12 0.21568920805904646 0.5724826388888888 0.18950728106922 0.013020833333333356
12 0.5011968880909636 0.6002604166666667 0.7630161579892281 0.033854166666666644
12 0.48374227009774584 0.6258680555555556 0.7306004388589667 0.013888888888888857
12 0.3073259525234391 0.6440972222222221 0.3752742868541792 0.013888888888888786
8 0.15958507879513267 0.6779513888888888 0.0822860562537403 0.017361111111111
12 0.36343008178735287 0.6957465277777777 0.48748254538200686 0.014756944444444428
12 0.44197586275683226 0.7144097222222223 0.6395870736086177 0.013888888888888715
12 0.4999501296628766 0.7395833333333333 0.7530420905645323 0.027777777777777714
12 0.4993267504488331 0.7743055555555556 0.7617693995611411 0.03125
12 0.45943048075004994 0.7994791666666665 0.6819768601635748 0.017361111111111
12 0.47501496110113706 0.8177083333333335 0.7231198882904449 0.015625
8 0.16083183722321961 0.8515625 0.08477957310991424 0.017361111111111143
12 0.5005735088769201 0.8723958333333335 0.7642629164173151 0.017361111111111
