12 0.5097909305064782 0.1540798611111111 0.7619257950530036 0.07552083333333334
12 0.5140852038969946 0.2582465277777778 0.7656065847462536 0.11545138888888888
8 0.2325039261876718 0.33333333333333337 0.1460051040439733 0.020833333333333287
12 0.51592559874362 0.38845486111111116 0.7619257950530036 0.07552083333333336
12 0.5134717314487633 0.4813368055555556 0.7619257950530036 0.0928819444444445
8 0.22146152336081668 0.5473090277777778 0.12146643109540634 0.01649305555555557
11 0.2165537887711033 0.5711805555555556 0.10919709462112291 0.015625
10 0.5226737338044759 0.6423611111111112 0.7582449941107186 0.11284722222222214
10 0.52328720062819 0.7443576388888888 0.7619257950530036 0.026909722222222144
12 0.5214468001570476 0.8376736111111112 0.763152728700432 0.09722222222222214
