10 0.4932942326863607 0.7212944629928828 0.8699447631835937 0.23160940439913286
6 0.2315131187438965 0.09041474127644644 0.1709330113728841 0.04769115547859232
9 0.21310129801432293 0.6223871320954169 0.1954412841796875 0.1522849916787672
5 0.10005234718322754 0.08779099599229104 0.08198677698771158 0.06296518835097707
9 0.7569847361246745 0.6713509684457829 0.09447728474934895 0.12692588286874182
1 0.47396043141682936 0.13912251357632782 0.1621222686767578 0.033512924354113835
10 0.49120880762736 0.30987918314509366 0.8640397135416665 0.1676380496998732
2 0.4957475026448568 0.9386945794390134 0.2867273457845052 0.014851035872054974
10 0.49526352564493814 0.1968796814923511 0.8686668904622395 0.07382569637598167
12 0.44415166744258516 0.4094162491974969 0.7704896141820453 0.01633858912838722
4 0.8131421407063801 0.06438756113901188 0.22009714762369792 0.018371871628686396
12 0.47995266914367674 0.5070166263280739 0.8558486938476563 0.04177796528601521
12 0.784916737874349 0.0964227846155616 0.2733977254231771 0.019774511846572317
2 0.48289653779200475 0.9046182682376879 0.4719100698060144 0.014634696600948944
12 0.2958768901561781 0.5416675787321551 0.4809582151303534 0.020031155091929796
12 0.15695601851851854 0.4249131944444444 0.19232638888888892 0.0147569444444445
12 0.4857899305555555 0.45052083333333337 0.852204861111111 0.029513888888888857
12 0.2829629629629629 0.47439236111111116 0.4553935185185185 0.013020833333333356
12 0.358125 0.5763888888888888 0.596875 0.01736111111111107
12 0.20061631944444444 0.5946180555555556 0.284068287037037 0.010416666666666644
2 0.49352719907407405 0.9210069444444444 0.7107233796296296 0.015625
