10 0.5052804183959961 0.46098398317758005 0.7021572113037109 0.39178433535209467
9 0.8907818984985352 0.6983302477594943 0.1268877410888672 0.1261402653305234
9 0.9375566101074219 0.5286178519572051 0.10088302612304688 0.13372528325634367
5 0.26697253227233886 0.09219663171309107 0.05178262710571289 0.039597333722716566
4 0.7522258186340331 0.0694132258305216 0.2984176254272461 0.015371372870809917
4 0.7083404541015625 0.04792097197349888 0.21597671508789062 0.01761662537785252
1 0.4804817771911621 0.16989076841321457 0.1868740463256836 0.02950774010044136
4 0.15479607582092286 0.035858162958767065 0.16956802368164062 0.016090895456146045
4 0.6597373580932617 0.09030567138006643 0.12388236999511719 0.013998213515944314
4 0.6785796546936035 0.11031298936225412 0.16509075164794923 0.013504742060218693
8 0.22519819259643556 0.683835479154249 0.11116527557373047 0.015255740076492962
12 0.7488038635253906 0.1743270291944291 0.13316986083984375 0.01632558768928105
4 0.7175666999816894 0.14252449749384438 0.20488780975341797 0.016264275352484956
12 0.2420286750793457 0.2340602684194234 0.1548341369628906 0.015614120663565793
6 0.20472728729248046 0.09175860329609802 0.06043167114257812 0.040053392734233084
12 0.6631777000427246 0.23356190472705918 0.3083713150024414 0.016195576154135444
12 0.30837559700012207 0.2145761599008004 0.30475070953369143 0.017878394685584127
12 0.6646621131896973 0.21312867458249957 0.30294429779052734 0.016726640221425126
12 0.3974370408123359 0.7891692422282988 0.45842856882698724 0.014066302917092398
12 0.47442824294340213 0.7178134346528013 0.38292451997257193 0.01447009953664281
2 0.47971746444702146 0.895151108855231 0.16312847137451172 0.014380625656363534
2 0.28156304359436035 0.9103136331140724 0.14347471237182619 0.01399307181681426
8 0.22829684257507324 0.7200767801199903 0.11514894485473633 0.013554405884565168
12 0.4720563865253176 0.8425499468256874 0.6038896235914718 0.014479080186336318
12 0.35352994918823244 0.8613636595460092 0.3702069091796875 0.014799888950386014
8 0.299477460661427 0.7549260803832444 0.2555607944307639 0.014710803122871232
12 0.329535727108292 0.7723777833361725 0.25651709478054885 0.014319701372331982
2 0.5726663589477539 0.9089500988536698 0.3833472442626953 0.014028938979478883
12 0.6245657979384189 0.7538401147217023 0.3754361226290232 0.01526788058441189
12 0.42449323654174803 0.7348253629512943 0.4881113052368164 0.015756383578848773
12 0.4939922288700979 0.8158194062552419 0.6431326399695777 0.03389963009109229
