9 0.45416851043701173 0.9516696727739206 0.14007392883300782 0.09433657373219413
8 0.45321895599365236 0.1971514401924484 0.12073936462402343 0.03629825982946389
9 0.6182684898376464 0.7327453828953179 0.1359354019165039 0.19457166691972172
12 0.22142986890848954 0.6669374068297264 0.24705380206949562 0.018969208949867488
12 0.1651456642150879 0.7603273425422371 0.1432228469848633 0.023507809049249116
1 0.47905208587646486 0.113338409801254 0.48323158264160154 0.06363191368723084
12 0.3829525184631348 0.7129391511842976 0.0933938217163086 0.023449146284231448
10 0.4550474272215061 0.3445461548599754 0.7991151599002475 0.5278766677319129
5 0.7781271701388895 0.4782984229131095 0.14248263888888896 0.22916629027066338
12 0.23859700520833338 0.6193576388888888 0.2818945312500001 0.018229166666666644
12 0.2008268229166667 0.6427951388888888 0.20635416666666673 0.01822916666666657
12 0.19806315104166672 0.7122395833333335 0.20082682291666668 0.025173611111111
12 0.29939778645833337 0.8337673611111112 0.40472439236111124 0.021701388888889
12 0.2146451822916667 0.8550347222222223 0.2339908854166667 0.019097222222222286
12 0.432668185763889 0.87890625 0.6688085937500001 0.016493055555555712
7 0.49408311631944457 0.9227430555555556 0.1111610243055555 0.017361111111111143
