9 0.40108949025472007 0.7703434102019371 0.198765131632487 0.139697265625
1 0.48952781677246093 0.15391266136838677 0.20686965942382812 0.02821201079073008
10 0.49841582616170244 0.2861335085149397 0.844554697672526 0.1005576328924525
4 0.7557166544596353 0.0542843266537315 0.32862263997395835 0.016951466164393733
9 0.7751456451416016 0.7745895296509502 0.19841944376627604 0.1395355046144006
6 0.2615318489074707 0.08140283997295893 0.1599654261271159 0.03962853414970532
4 0.70935666402181 0.03228644432380186 0.2283903503417969 0.0177227042571843
5 0.14108543395996093 0.08151495414867735 0.0678741455078125 0.05051593445895011
4 0.7816378529866538 0.12149376674005163 0.21610397338867188 0.014349409850717289
12 0.8477749633789061 0.17688634325886332 0.08552775065104166 0.01883637723866959
12 0.24775677363077797 0.18484058045504384 0.32674713134765626 0.015023179082145469
4 0.6848940277099609 0.09735217624240451 0.18688054402669269 0.014242544787669042
12 0.5023685963948568 0.5286066958778783 0.8037630208333333 0.03887843081825658
4 0.6624185180664063 0.07698643333033511 0.1263525390625 0.014528299075121072
12 0.506036061476434 0.6792012174135948 0.7994995567596678 0.07138019045202115
8 0.24321777979532874 0.2209436427780062 0.3397022501627604 0.01555090117872807
12 0.2484403737386068 0.2207756711725603 0.3322474161783855 0.016186666209795322
12 0.6040773264567058 0.19681359898974324 0.10629196166992187 0.019879168237161914
12 0.3541396104964389 0.6317142683657668 0.48399139404296876 0.015173482616045321
10 0.5048768552144368 0.4146812929744609 0.843636983235677 0.15285262615360015
12 0.29670725504557294 0.7410473204495613 0.3654890950520834 0.015358158580043862
12 0.1668738619486491 0.20428307070369608 0.15978188832600912 0.012687406484146563
12 0.5792758178710937 0.1814564219692297 0.05591033935546875 0.017652313053956505
12 0.16671983083089192 0.20487820809347584 0.161995366414388 0.013793552688687866
12 0.5104399647537337 0.7682696196024602 0.7899934787596433 0.036851842096036785
4 0.24554036458333328 0.025173611111111112 0.44160156249999993 0.019097222222222224
12 0.8176432291666665 0.15407986111111113 0.11627604166666672 0.014756944444444465
12 0.5046875 0.5672743055555556 0.7990885416666665 0.03211805555555557
12 0.49726562499999993 0.6024305641100101 0.7916666666666665 0.03298612822002056
12 0.44593098958333327 0.7269965277777779 0.6667317708333332 0.0234375
2 0.49912109375 0.9118923611111112 0.25852864583333335 0.011284722222222144
2 0.5164388020833334 0.9292534722222223 0.7879557291666667 0.01649305555555557
