12 0.5039331366764995 0.11067708333333334 0.8087512291052112 0.05815972222222222
12 0.5070058997050148 0.2109375 0.8099803343166175 0.12326388888888888
8 0.20403146509341197 0.2890625 0.1597836774827925 0.019097222222222213
12 0.5045476892822025 0.3467881944444444 0.8148967551622418 0.08072916666666669
12 0.5063913470993117 0.4483506944444444 0.8136676499508357 0.09809027777777772
8 0.19174041297935102 0.5173611111111112 0.11553588987217304 0.015625
11 0.1886676499508358 0.5447048611111112 0.11676499508357915 0.0164930555555555
10 0.5119223205506391 0.6193576388888888 0.8099803343166175 0.1241319444444445
10 0.51007866273353 0.7248263888888888 0.8112094395280236 0.032986111111111
12 0.5119223205506391 0.8389756944444445 0.8099803343166175 0.1276041666666667
