10 0.5044967524210612 0.2795781156291132 0.8881304931640625 0.23605483511219855
9 0.40414362589518227 0.7116844550423 0.19732269287109375 0.1593101750249448
5 0.09248518308003742 0.0996613217436749 0.04497279485066732 0.03298485279083252
10 0.5027693176269531 0.7231434324513311 0.8828146362304687 0.2510482539301333
1 0.4981195958455404 0.1353493306947791 0.17159680684407552 0.034236171971196716
6 0.16750480651855468 0.09966422682223111 0.10197748819986979 0.02734612381976584
9 0.7560332234700521 0.6403983572255011 0.19411936442057293 0.1343411984650985
4 0.827361111111111 0.08940972222222221 0.2193518518518519 0.01736111111111109
4 0.805 0.10633680555555557 0.26620370370370366 0.01996527777777777
12 0.44828703703703704 0.40755208333333326 0.7730555555555556 0.011284722222222215
12 0.31092592592592594 0.4266493055555556 0.49407407407407405 0.0147569444444445
12 0.49567129629629625 0.453125 0.8635648148148148 0.03125
12 0.290162037037037 0.47916666666666674 0.4546759259259259 0.015625
12 0.491412037037037 0.5047743055555556 0.8529166666666668 0.033854166666666644
12 0.28004629629629624 0.5303819444444444 0.4408333333333333 0.013888888888888857
12 0.3673611111111111 0.5646701388888888 0.6133333333333333 0.018229166666666644
12 0.20657407407407405 0.5850694444444444 0.28537037037037033 0.013888888888888857
2 0.4860879629629629 0.9010416666666665 0.48662037037037037 0.013888888888889
2 0.5052546296296296 0.9197048611111112 0.7272685185185185 0.013020833333333428
2 0.5052546296296296 0.9370659722222223 0.29921296296296307 0.01649305555555557
