10 0.48234617551167824 0.30214879499035713 0.8593817138671878 0.15555281724191194
9 0.9511510721842447 0.5289496159469081 0.09090240478515625 0.13228588261880164
12 0.5036351267496743 0.8122123136138053 0.7910187276204422 0.07062750549281109
8 0.21904913584391278 0.8573355106142084 0.16174980163574218 0.016644870798590613
12 0.4937061691284179 0.6364671601213868 0.7214849344889323 0.017555299849103954
12 0.5015604782104491 0.7193850387810967 0.7948034159342449 0.031007529829386402
12 0.5057879892985025 0.5376899476034442 0.7940817260742188 0.03251188564187943
12 0.3655678176879883 0.21291762963377178 0.45755950927734373 0.014620442035769628
8 0.212036616007487 0.5601487773368322 0.17945500691731772 0.016000939091093565
12 0.48754946390787757 0.6789409903173886 0.7049177042643229 0.030001265380571133
12 0.5051259903831125 0.4036935714292349 0.8996818151627284 0.04066846586164427
12 0.7688734690348308 0.17748078545544477 0.238559824625651 0.01539305559719045
1 0.504323844909668 0.07418430738212649 0.16581713358561198 0.02369539965705016
12 0.5066145253386619 0.4718016775157967 0.7989094505923228 0.0762791894037313
12 0.6524402364095052 0.13991596172382306 0.1390985107421875 0.016171830322553867
7 0.499373041788737 0.9437301257425104 0.11608627319335937 0.015543715872195985
12 0.21199508101851852 0.15711805555555555 0.2009664351851852 0.01736111111111111
12 0.3339228877314814 0.1762152777777778 0.4423712384259258 0.01909722222222225
12 0.7229890046296297 0.15668402777777776 0.08332754629629634 0.016493055555555535
12 0.8014149305555555 0.11284722222222221 0.18871238425925924 0.019097222222222213
12 0.862685185185185 0.13888882900770658 0.080876736111111 0.013888888888888874
8 0.2450810185185185 0.19661458333333331 0.21322048611111108 0.014756944444444428
8 0.2554969618055555 0.6536458333333335 0.2389539930555555 0.015625
12 0.23895399305555556 0.6171875 0.19361400462962966 0.015625
12 0.2597858796296296 0.5985243055555556 0.23772858796296295 0.014756944444444428
12 0.31554181134259257 0.5824652777777777 0.3394372106481481 0.019097222222222213
12 0.4442093460648147 0.7486979166666667 0.6114771412037036 0.01822916666666657
12 0.4484982638888888 0.7677951388888888 0.6249565972222221 0.013020833333333428
12 0.5004961585998535 0.8953439111270477 0.7912295532226562 0.04857367973823053
