5 0.10928087711334228 0.13241925143000016 0.08345958709716797 0.06432235850202658
10 0.5003105449676514 0.3289917345332088 0.8720734405517578 0.20294101166978062
6 0.23644165992736815 0.13440291975825133 0.1766999816894531 0.04959650140834062
9 0.3386154079437256 0.760627268365402 0.19741525650024414 0.1489394950314911
10 0.4967887973785402 0.7888381241267163 0.8787150573730471 0.23409792190387393
4 0.8245233535766602 0.10555564931871345 0.22928276062011718 0.017380356673679334
1 0.5005376243591309 0.20696719840039626 0.12371311187744141 0.025505544134597997
12 0.39332264423370356 0.6190887565252433 0.658540573120117 0.030574875107502026
12 0.4924892276187608 0.5691584264929509 0.8640999157424528 0.03600591587813401
12 0.49372908343774197 0.4846102550191697 0.8590678405761719 0.026583459131283148
12 0.4948521823203065 0.5188650110276198 0.8617678833007812 0.034039724528387175
4 0.8637640762329102 0.12975970850386292 0.1458740997314453 0.016337152847098753
9 0.8008838653564453 0.80065302908593 0.1864202880859375 0.157515022770763
12 0.3546799429810326 0.5917655590156766 0.5887532424926758 0.017054705863518562
4 0.31713186264038085 0.0841134640611816 0.47291324615478514 0.015500590104606136
12 0.4967062187194821 0.6523452968738666 0.8740985870361322 0.03164378937664983
12 0.49192238347840855 0.4539027065586353 0.8624269866943358 0.03424183037824989
4 0.812859230041504 0.17827770266261603 0.2407025909423828 0.01795654885449313
4 0.8278073120117188 0.1536024382397202 0.19998153686523437 0.014839415150185331
12 0.2916028609768959 0.5440109973933229 0.45652364434869874 0.01235958971190938
2 0.502409396701389 0.9201388888888888 0.1811599392361112 0.015625
2 0.49565809461805554 0.9366319444444444 0.44896158854166673 0.017361111111111143
