9 0.7094192250569661 0.7253385219933851 0.1973058573404948 0.13502192947099795
9 0.758460693359375 0.37485002121835387 0.19760904947916663 0.1413062833390146
9 0.3278777949015299 0.3732651764491819 0.19850323994954425 0.1361578455511129
9 0.4148259989420573 0.7370253868822781 0.18431905110677083 0.12553081872328273
12 0.3165288543701172 0.4471335141163951 0.35769760131835937 0.19676611558446344
12 0.6516031901041666 0.6340417681999926 0.16320933024088538 0.027090252570386202
12 0.6948260243733725 0.527724895837172 0.2633350118001302 0.0364227294921875
12 0.25874622344970705 0.8045241877717793 0.25101885477701824 0.027567737507370283
12 0.4742358017512992 0.17070563305660863 0.6423784890673878 0.13074538335484265
12 0.30526727040608725 0.6325363663007628 0.32671829223632814 0.02528719632130749
12 0.253896879664456 0.6660568313868622 0.12655696052590018 0.026067984760916107
12 0.7105045318603516 0.8071481236871684 0.260018056233724 0.025956207851193985
12 0.7233679707845053 0.3586929609190742 0.3322948201497396 0.026049991823592276
12 0.3159539667765299 0.7343467496476083 0.39037938435872394 0.027752498410782724
12 0.72875 0.4457465277777778 0.33370370370370367 0.07725694444444443
12 0.6674074074074074 0.7391493055555555 0.17912037037037037 0.09635416666666671
