9 0.7102849197387695 0.7094638058825155 0.19479026794433593 0.13832206962173962
9 0.4123193168640137 0.7535021281895861 0.09484355926513671 0.1319834256361903
4 0.7694852638244629 0.06931123134839018 0.33180233001708986 0.015062333839747043
1 0.4914360809326172 0.16285188845255857 0.202862548828125 0.027513687848833998
5 0.15585774421691895 0.0848505136505046 0.07398439407348632 0.05159882293350395
6 0.2743497085571289 0.08806980109446666 0.15494789123535158 0.037320954097676974
4 0.7155660247802734 0.04730974394699623 0.22306640625 0.01779871636212768
4 0.783533821105957 0.1357462011956199 0.2111443328857422 0.013721563877203526
10 0.47872937202453614 0.2841054577410063 0.7752888488769532 0.08192493765887489
10 0.4791542434692383 0.3761992787598088 0.7742898559570313 0.07631326501713086
4 0.25892619132995603 0.030610034784102843 0.4233202743530273 0.015982448264205487
4 0.6889905548095703 0.10966124732762075 0.16890914916992186 0.012775370549776194
4 0.6695871162414551 0.08979215883344384 0.12663509368896483 0.014249253547054596
12 0.43389044761657714 0.6807402889882432 0.6737034606933594 0.03497141763027741
12 0.8003627777099609 0.19041019240698911 0.15888458251953125 0.017442320428202367
12 0.49981812477111814 0.4479695665003661 0.7731980895996093 0.03186561321390086
12 0.6181251525878906 0.20758482294731917 0.10230804443359375 0.016543859722970546
2 0.4841286087036133 0.9046987842185428 0.2404054260253906 0.012712851338002873
12 0.41545343399047835 0.6445466687068329 0.6289573669433591 0.031804951858846776
12 0.8187025833129883 0.16787520053637542 0.11488151550292969 0.013482860291984417
12 0.3518833065032959 0.6171541492249668 0.448995361328125 0.013609382771054376
12 0.25783580780029297 0.1888979735572606 0.3182197570800781 0.014171745374495746
12 0.48437788963317874 0.5202276767828525 0.7629239654541016 0.030674834044816534
12 0.33629464149475097 0.5466416525060788 0.4451792907714844 0.015351286195844386
12 0.17906006813049316 0.20692187510793134 0.16054248809814453 0.01402464848930703
12 0.4968392306248805 0.48644153382480837 0.7794482935109862 0.03269136868990394
12 0.2613196659088135 0.22516742709671683 0.3223855972290039 0.014503229412750056
12 0.42626004219055175 0.58204085588666 0.6437715911865234 0.05174863833858311
12 0.5929795265197753 0.18953603303675784 0.049986381530761716 0.01672363940981914
2 0.49518066406250005 0.921875 0.7645540364583334 0.015625
