12 0.7117893455302822 0.1573881483078003 0.26180139052129425 0.019269456863403322
1 0.5066439198181691 0.11993252754211425 0.24046025909153762 0.022367382049560548
12 0.720125856652724 0.1855307102203369 0.19276344501866702 0.01835794448852539
12 0.5085772353990943 0.39406528472900393 0.6955530757397677 0.08501625061035156
6 0.33635296760681216 0.0541162610054016 0.11129431972968316 0.024394593238830566
4 0.7032484206478153 0.0808879566192627 0.27387824944690264 0.016750335693359375
12 0.5105962567624792 0.3285671615600586 0.6895403026479535 0.034918212890625
12 0.4186581366885025 0.21924397468566895 0.45642721800677544 0.03866220474243164
12 0.5060596297272538 0.5588027000427246 0.7006706305309734 0.14870899200439452
12 0.5052340887289131 0.6683016278389347 0.6931936618501107 0.07196379144127187
12 0.5214920880806774 0.858226585388183 0.6608920423812337 0.01880058288574217
8 0.38767974313381504 0.8336539077758789 0.38698698060702436 0.015649032592773438
12 0.5195954854509472 0.7873147964477539 0.6683601311877766 0.060608139038085936
8 0.3213996414589671 0.7385371398925781 0.2631326591019082 0.01714019775390625
12 0.40345556208517697 0.2988013648986817 0.44489810909845134 0.016128730773925782
12 0.4791418143441665 0.45574951171874917 0.5633194988570741 0.016929244995117176
12 0.5316086903244142 0.47956995010376025 0.6436587728553401 0.01680507659912109
8 0.32620753515356754 0.7133413101344718 0.2610053138395326 0.01766357421875
12 0.2637125876097553 0.8803870391845703 0.13908202584865875 0.018600616455078125
5 0.21541505751382067 0.05494941109868812 0.1182045909866798 0.024194045066833487
12 0.5176554452001522 0.26216726303100585 0.656663094579646 0.037981300354003905
