12 0.476910272648834 0.09548880567029391 0.4815837705138548 0.02684153811957203
12 0.5465697419109645 0.1242237031418081 0.6231979574374261 0.024847756823173247
12 0.4819535986483013 0.15626728333991818 0.4988271791767546 0.026810980359668175
12 0.555628441584247 0.18995020563263562 0.6601762173796066 0.025764823785635955
8 0.5053089415212182 0.24356795188526725 0.5961292709174061 0.028346082603909292
12 0.5509789899865443 0.2796986730315161 0.6293844161958566 0.02767404824458928
12 0.5272490891922462 0.32470681711155736 0.7365398843153068 0.05463292449863286
12 0.5349824691610499 0.4137578330779425 0.7390032284100075 0.11802474503228438
8 0.45092272439997316 0.48486161816174417 0.49020547484530524 0.027677023482321393
12 0.5389042634043786 0.5481293687265753 0.6269210721011566 0.08681339551178635
12 0.5129976600188114 0.6169865204915049 0.7364590979341427 0.05273123312018094
12 0.503962456186763 0.6794361110241236 0.7316131961259071 0.051053951051856165
12 0.5057512312384107 0.7366954085515109 0.7266865079365075 0.051009309365000186
12 0.5077255843018498 0.7980873914221159 0.7340765402206073 0.05702160763919793
12 0.37056728643813114 0.8417525352184222 0.3670382701103038 0.026909722222222293
12 0.5489205267304087 0.8762256715919482 0.6503228410008062 0.024920378863791216
