6 0.24331640697458723 0.0954861111111111 0.16665507327026524 0.03645833333333332
5 0.1159919309961046 0.09375 0.07466147282507882 0.05208333333333335
4 0.22798414023372285 0.03602430555555556 0.4533017992951215 0.016493055555555563
4 0.7239496382860318 0.03645827772937834 0.2586486737154516 0.022569555652354457
4 0.7752794008532738 0.05989583333333334 0.3479757929883138 0.019097222222222224
4 0.6732864960118715 0.0842013888888889 0.1413235021331849 0.012152777777777768
4 0.6979514468558707 0.10286458333333334 0.18532044147653487 0.013020833333333322
4 0.798611111111111 0.1228298611111111 0.24531626785383054 0.011284722222222215
12 0.8366084678167315 0.1545138888888889 0.13199081803005014 0.015625
1 0.480633231311445 0.15885416666666663 0.2253176590613986 0.031249999999999983
12 0.22265117788907435 0.19357638888888892 0.3466425524021517 0.01736111111111111
12 0.14465660359859023 0.21310763888888887 0.17998747913188645 0.016493055555555535
12 0.22865076052680386 0.2287326388888889 0.3453093118159895 0.011284722222222215
12 0.5299631329994434 0.18880208333333331 0.06266230754961974 0.01649305555555557
12 0.5546280838434428 0.20572916666666669 0.11999165275459099 0.020833333333333356
10 0.4909909909405302 0.27590521458084666 0.8879382303839729 0.06076388888888892
12 0.3225674927014023 0.3316359948809896 0.5306297532925243 0.011268834111419788
12 0.4827477482528152 0.36021070293612284 0.8386083286959731 0.03211805555555554
12 0.32264422185123354 0.3819444444444444 0.5199638286032275 0.013888888888888928
12 0.49663211834539034 0.4262152777777778 0.8732725839361898 0.06944444444444443
12 0.41130472083101455 0.47048611111111105 0.6892853830458169 0.015625
12 0.23465034316453348 0.4913194444444444 0.338643108885179 0.019097222222222286
9 0.2966460304210721 0.5516493055555556 0.2119852531997774 0.1380208333333333
10 0.4952988777592282 0.6163194444444444 0.8839385086254867 0.18576388888888887
2 0.4733004080875533 0.9275173611111112 0.28531348543869406 0.0234375
2 0.4952988777592282 0.9448784722222223 0.886604989797811 0.018229166666666713
