9 0.9436895049778761 0.7685895156860352 0.10676939297566372 0.14188514709472655
9 0.9454897990268943 0.5814553070068359 0.10468960652309182 0.14989791870117186
1 0.5595736613315819 0.07965991973876953 0.18031621612278761 0.025355491638183594
10 0.5181809957048534 0.325443172454834 0.8593160173534292 0.1634889602661133
12 0.38799314245713495 0.7354207992553711 0.5816427855365044 0.019681167602539063
12 0.2560746994693722 0.14148736000061035 0.29442468153691925 0.017019271850585938
12 0.5286556720426276 0.8360195282427709 0.8658277123375276 0.06137504577636718
12 0.5157211649119631 0.6522235016462858 0.8330417329231196 0.07501022338867187
12 0.7585435715396847 0.14675353050231935 0.13850335315265486 0.015258502960205079
12 0.8023777784499447 0.17072563171386718 0.22223040825497786 0.015827789306640624
12 0.5239809878258239 0.514085951292282 0.8470865705371957 0.037863845825195315
12 0.2698556410527862 0.16423118591308594 0.3110340219683352 0.01573352813720703
12 0.7713350279141317 0.12653663158416747 0.15644801317063053 0.012841386795043945
12 0.5091979305301093 0.4434750747680664 0.8376862922600941 0.027085494995117188
12 0.5209133219622557 0.5729834084150847 0.8389276825221239 0.05879993438720702
12 0.5186506963409153 0.7750300598144532 0.8499032079646017 0.04153656005859375
12 0.24916742375466674 0.706128044128418 0.3020783280904314 0.016287765502929687
12 0.5234867385576492 0.19727506637573236 0.8105438068995902 0.03642749786376951
12 0.4293975289944001 0.4761727669059064 0.6532402646225112 0.01890247344970703
12 0.4814111355131706 0.23139501571655274 0.729399662524198 0.016211509704589844
