6 0.2637803819444444 0.07161458333333334 0.15993923611111113 0.042534722222222224
5 0.14680989583333331 0.06944444444444445 0.06684027777777779 0.05034722222222222
4 0.7083875868055555 0.031684027777777776 0.22081163194444442 0.016493055555555552
4 0.7495659722222221 0.05512152777777778 0.3127170138888888 0.01302083333333333
4 0.6594509548611112 0.07725694444444445 0.1253255208333333 0.013888888888888893
4 0.6809353298611112 0.0959201388888889 0.17545572916666663 0.01649305555555557
4 0.24886067708333331 0.015190972222222224 0.42849392361111105 0.016493055555555556
4 0.7746310763888888 0.12413194444444445 0.21006944444444442 0.012152777777777785
1 0.4881727430555555 0.1484375 0.19813368055555558 0.027777777777777787
12 0.2440863715277778 0.17491319444444442 0.32107204861111105 0.018229166666666678
12 0.16471354166666663 0.19270833333333337 0.15277777777777776 0.013888888888888893
12 0.6033528645833333 0.17751736111111113 0.04416232638888893 0.013020833333333322
12 0.6272243923611112 0.1953125 0.09906684027777779 0.015625
12 0.8050672743055555 0.15625 0.11338975694444443 0.020833333333333304
12 0.8355034722222223 0.1775173611111111 0.09071180555555557 0.019965277777777787
12 0.2542317708333333 0.21267361111111113 0.31510416666666663 0.022569444444444465
10 0.4839952256944444 0.25911458333333337 0.8056640625 0.06163194444444446
10 0.48638237847222215 0.32161458333333337 0.8199869791666665 0.06510416666666671
12 0.48220486111111105 0.3871527777777778 0.782986111111111 0.03993055555555557
12 0.48578559027777773 0.42708333333333337 0.7805989583333333 0.03645833333333329
12 0.4750434027777778 0.4609375 0.7686631944444444 0.03298611111111114
12 0.3330078125 0.4874131944444444 0.47504340277777773 0.0164930555555555
12 0.47981770833333337 0.5434027777777777 0.7710503472222223 0.09201388888888892
12 0.4076063368055556 0.5993923611111112 0.6361762152777778 0.02170138888888893
12 0.24110243055555558 0.6180555555555556 0.30794270833333337 0.012152777777777785
12 0.48160807291666663 0.6440972222222223 0.7794053819444444 0.034722222222222286
9 0.29541015625 0.7065972222222223 0.17784288194444448 0.13194444444444442
10 0.47504340277777773 0.77734375 0.7853732638888888 0.1918402777777777
2 0.45893012152777773 0.9088541666666665 0.24707031250000008 0.013888888888889
2 0.47384982638888884 0.9240451388888888 0.7638888888888888 0.01822916666666657
