8 0.20647795888790607 0.2392563736086182 0.1291917702347312 0.017930888843495498
8 0.23070262224840904 0.571307637279656 0.17472665896893996 0.01966886033942349
12 0.35317270574598686 0.12425179610270776 0.40828972442534195 0.017458056054603783
12 0.49743759943721505 0.3002602143498178 0.7029816323138298 0.06744978635340763
9 0.9635687645445479 0.4377379926345505 0.07253106299867021 0.1395704234254447
12 0.49414126503431327 0.5233657385625402 0.6989349829027356 0.04355555606716138
9 0.9731948064090994 0.6440475470407603 0.05273296506933891 0.13281820324220425
12 0.2624380650853676 0.9247123891582727 0.14801832390411285 0.016311691290720104
12 0.49919432666164 0.8164397178659566 0.7056254007171349 0.046636786112323636
12 0.32068595538385736 0.8974727625709923 0.27268242647582636 0.018371555869588514
12 0.4960412486345934 0.17561060084579963 0.7101517233805089 0.06621224184577305
12 0.33977920856881655 0.728829015542957 0.322722813568579 0.018598900707913632
12 0.4960110000563972 0.3807382857498057 0.7016094729530775 0.06958701096529415
9 0.9764313393450799 0.19390352447810624 0.04713732130984043 0.13818225950526414
8 0.2100100346249288 0.7657569070972192 0.12726473822782106 0.018611929215334333
12 0.3819595549612062 0.6322719645684113 0.41549173289369584 0.06917566891904409
12 0.4998300827423168 0.45920138888888884 0.7017318895643363 0.07291666666666664
8 0.2105195668693009 0.6961805555555555 0.1255730749746707 0.019097222222222144
8 0.27884609295845997 0.8628472222222223 0.2622261271529888 0.013888888888888715
7 0.5029078541877743 0.9474826388888888 0.02092884582911175 0.016493055555555428
