10 0.5003507677714031 0.7521208270466159 0.8485630289713542 0.19051646734300948
9 0.3111798095703125 0.6633759810461253 0.1883410135904948 0.13535113583243855
10 0.48641429901123046 0.30630987628376316 0.8311917622884114 0.13722563467884516
6 0.2573451105753581 0.07468843460083008 0.16275276184082033 0.038604053840818
5 0.13493260701497398 0.07115062605148244 0.07598617553710937 0.052768047387001075
12 0.8240596008300781 0.15500809005086455 0.12200856526692708 0.015155737998926245
1 0.48757625579833985 0.15069705276127673 0.21416348775227864 0.028572977436662286
4 0.7685792032877604 0.05385601577035623 0.3345574951171875 0.01606401109017467
12 0.3347533524254009 0.494583961522974 0.5066450031163213 0.01519869402121591
4 0.7853078969319661 0.1224760579836877 0.23269821166992188 0.01470062292017643
12 0.24192289988199867 0.17956007826384773 0.3295637003580729 0.015005717345323608
12 0.23688046137491858 0.2170515376809649 0.34501411437988283 0.014456364780805687
4 0.6897036234537759 0.09683356352891968 0.18660634358723957 0.013173876215496334
12 0.4880795478820798 0.5507455082218622 0.8113919576009109 0.09032026223965545
12 0.49023523135971175 0.41987566940715276 0.8113616282941681 0.050478325378472834
9 0.019530433217684426 0.9824265755748296 0.03251681963602702 0.033560224053984004
4 0.7181553395589192 0.030098912840205907 0.23877171834309896 0.01777410733191323
12 0.6042677561442058 0.1993943361068744 0.10774124145507813 0.022573823612448165
12 0.1557952626546224 0.19819790266136422 0.17146194458007813 0.013042594584243556
12 0.48886854807535796 0.469991692999528 0.8145488993326822 0.03643332386468824
2 0.5072315724690756 0.9550404842430946 0.7627967325846354 0.028634238582086788
12 0.4808705266316732 0.6044544980673989 0.8002186075846355 0.021958384857584435
12 0.2405497685185185 0.6258680555555556 0.3174768518518518 0.017361111111111143
2 0.464615162037037 0.9309895833333335 0.24299189814814823 0.021701388888889
4 0.24360243055555558 0.01736111111111111 0.44813078703703707 0.02083333333333333
4 0.6703645833333336 0.07291667949834858 0.14164351851851845 0.013888863225525051
12 0.5745109953703704 0.17881944444444448 0.05006365740740747 0.015625
