9 0.6099760842188603 0.7202174682617187 0.1925224692134534 0.1367191162109375
1 0.5041078039481814 0.36264018249511715 0.592803955078125 0.09333401489257813
9 0.3729930813029661 0.7629515075683594 0.1999052230921169 0.13803436279296874
9 0.8251405705166402 0.894501678466797 0.1918978071482168 0.13531378173828126
12 0.5078307976156978 0.5442666931152345 0.28670596537616966 0.02528265380859375
12 0.3455416038211456 0.8421972045898437 0.3060276225461798 0.022471801757812503
12 0.5088903136172537 0.5063556518554688 0.2878444693182821 0.023356811523437503
1 0.5107138251180703 0.21592783355712888 0.4524898205773305 0.036175582885742186
12 0.4733262257871975 0.7291224365234373 0.5630543365694741 0.02149438476562499
12 0.6515382454220184 0.7322405090332031 0.3698761072535973 0.02957830810546875
12 0.4345908905067961 0.7665100097656254 0.49376998259207505 0.021317871093750006
12 0.29061273372158936 0.11954886854594808 0.3117961129226254 0.05401728057861328
12 0.3426857736974263 0.8029513888888888 0.30529072504708105 0.02604166666666657
