10 0.514469477335612 0.7781319287232675 0.7691749064127603 0.27769226410078107
9 0.3425173568725586 0.674720824234129 0.1951805369059245 0.13003241385598285
10 0.5128578948974609 0.3423978636047569 0.7689219156901043 0.1340855018092221
5 0.16125162124633788 0.11020829894813562 0.06425011952718099 0.044263558661307476
1 0.4928397496541341 0.19453510846544575 0.22241223653157552 0.03077678873514834
4 0.715277811686198 0.06741545197666027 0.2608755493164063 0.019462795708123155
6 0.27215568542480467 0.11146261775185208 0.1463195292154948 0.03432931460197114
4 0.762799580891927 0.16756628012898533 0.23606689453125 0.016615036233874086
4 0.14694718678792318 0.05732275423236586 0.20478080749511718 0.01760615809025459
4 0.7204185485839844 0.08994008290620167 0.2872801717122396 0.01581471360574557
12 0.30495342254638674 0.22340104711337352 0.33815897623697916 0.01866292363478979
4 0.6520364379882813 0.1342135451910064 0.16005859375 0.01494913347928677
12 0.7696240743001301 0.20099287172538488 0.2173346964518229 0.016453162623470893
12 0.3074144872029622 0.2600128723075875 0.3597669982910156 0.015567260330251687
12 0.781877415974935 0.2232031634473425 0.19027938842773437 0.01834641961869024
12 0.5102897551259936 0.4678437412120357 0.7449277173277664 0.03360194752267294
12 0.5065890388127169 0.5944168390215832 0.7318150304881734 0.03663396826567645
12 0.6077022806803386 0.22364092248631276 0.10517374674479169 0.01667384007113857
12 0.3935062321713645 0.5661661257491746 0.4998848134893037 0.014576348732775626
12 0.6147689056396485 0.24263087166441838 0.11481226603190105 0.015195745719163035
4 0.642652791341146 0.11155903647801471 0.14118194580078125 0.014216806006243848
12 0.4271862797001691 0.510985842737901 0.5813833024148449 0.017814953764324386
12 0.45688686370849596 0.4344585693547204 0.6316991170247394 0.01664926728614198
12 0.2095625559488932 0.24235561272156655 0.15705647786458332 0.014293949569170065
12 0.29517578125 0.49392361111111116 0.31511140046296293 0.01562500000000007
12 0.5073936631944445 0.5381944444444444 0.7369748263888889 0.03298611111111114
12 0.48681495949074083 0.6236979166666666 0.6906727430555557 0.01649305555555557
2 0.486171875 0.9309895833333335 0.1800636574074074 0.01649305555555557
2 0.5048213252314815 0.9448784722222223 0.7549811921296297 0.014756944444444428
