10 0.47674922943115233 0.39627849395864556 0.7133206939697265 0.37447416298503805
9 0.9537435913085938 0.6308252257174671 0.08516693115234375 0.143902036096777
9 0.913203239440918 0.45758367728483196 0.10476631164550781 0.13546164537267932
12 0.29985770225524905 0.14496195184348695 0.3210027313232422 0.018688201904296875
1 0.48656599044799803 0.07269557903613551 0.3711131286621094 0.02803365066922459
12 0.7337768173217774 0.1835061808793747 0.19561729431152344 0.01815246919864218
12 0.344292631149292 0.8850228284997695 0.45462554931640625 0.019252988245214483
12 0.3276462665613802 0.7683665380928972 0.4525217597849556 0.020701794122379394
12 0.2987153339385986 0.17301335633900775 0.3182325744628906 0.01883553930754151
12 0.6850760841369629 0.15337190944770163 0.10781734466552734 0.01517735724079653
12 0.3880714388356957 0.7399007850526664 0.5707951899481027 0.031243681146580774
12 0.4647433752152593 0.694252576065959 0.6944315338134767 0.047323840975969256
12 0.46268757511620273 0.6303831293361337 0.6973374176025391 0.03341618499192804
12 0.339029598236084 0.8543251290972382 0.4688628387451172 0.023539187723420202
12 0.46592930793762205 0.6586665709302622 0.6974018096923829 0.021557909976072417
12 0.7307456588745117 0.1243763708980321 0.1951477813720703 0.015782352743113612
12 0.4532667350769043 0.8094942587129674 0.7109233856201171 0.04944597093644112
7 0.45401909722222245 0.9370659508360862 0.028229166666666642 0.01475698721671777
12 0.46636935763888887 0.5989583333333333 0.6951432291666666 0.02951388888888893
