10 0.49267913818359366 0.4452629185281603 0.758358001708984 0.46177780398432383
9 0.9127005386352539 0.6207380261101065 0.09905525207519532 0.1284677350478964
6 0.2925232219696045 0.06400327379206466 0.1523826789855957 0.03567295950630107
9 0.8033866882324219 0.7487995969954312 0.18727630615234375 0.13766118241704395
5 0.1820204448699951 0.06277130686352195 0.07163942337036133 0.04986288185254424
12 0.2852481365203857 0.1950244836166975 0.31774492263793946 0.015346378825157355
12 0.4987033535151923 0.8276615171904668 0.7693295715035507 0.047736570769246284
12 0.4763786220550537 0.7884206064177064 0.7127617645263672 0.017772768917016343
1 0.5004979896545411 0.13665661626485548 0.19949176788330078 0.027411834932468807
4 0.7555963516235351 0.04559885739437683 0.2989788055419922 0.015022934957443614
12 0.5132658540922056 0.724415378098774 0.7886508632267225 0.03723004344495362
12 0.7242668216669275 0.16183108700872773 0.2474086891102206 0.01956197944623444
12 0.35839720526462815 0.7518966767176184 0.47067436617362374 0.01686803286047997
12 0.800198631286621 0.9692037198231835 0.3537200164794922 0.022087070208977475
2 0.4886757765176934 0.8705170432586131 0.7102967854267439 0.012457318525011023
12 0.36894793510437013 0.7688102587373011 0.5003999710083008 0.015776617366939045
12 0.2748459529876709 0.1601269657957259 0.30563289642333985 0.01654784670988157
12 0.37347278423269215 0.6970030713839583 0.5031962619789513 0.014911071993015673
4 0.7768291473388672 0.10918048413819223 0.19507904052734376 0.014156125880804163
12 0.6471611404418945 0.1788479161346759 0.09444053649902344 0.016934128616386927
8 0.8127927017211914 0.1397204988836821 0.10117515563964843 0.014901474592121246
4 0.716098090277778 0.024739583333333336 0.21618055555555557 0.013020833333333332
4 0.667580295138889 0.06597222222222221 0.11914496527777771 0.01041666666666667
4 0.678634982638889 0.08550347222222221 0.13388454861111115 0.014756944444444446
4 0.2757530381944445 0.012586805555555554 0.40902343750000014 0.018229166666666664
12 0.2038975694444445 0.17664930555555558 0.15722222222222226 0.013020833333333322
2 0.4907053120312127 0.8585069701078081 0.16336371527777785 0.008680555555555572
