9 0.307537260055542 0.7556010731479579 0.271692066192627 0.18845188073944627
9 0.27506964683532714 0.5455976787366364 0.19737237930297852 0.13650389554207784
9 0.9456302261352539 0.6148640682822779 0.046911697387695316 0.11722010562294408
12 0.2211317253112793 0.5678899664627878 0.2742013931274414 0.01808605528714364
12 0.518436632156372 0.29564368264716967 0.804369125366211 0.050697273120545505
12 0.23425385475158692 0.7059477688973409 0.28801733016967773 0.01981640196683114
12 0.2320497989654541 0.5224551552220394 0.28678524017333984 0.020993738007127193
12 0.5000251388549805 0.1890451665510211 0.79203125 0.042772339937979714
12 0.5157860851287842 0.23893019692939624 0.8091177368164062 0.03959507189298931
12 0.23922144889831543 0.7517736602247806 0.291780948638916 0.017095947265625
12 0.5216415882110595 0.35730564050507124 0.8107621765136719 0.03928308319627193
12 0.231087064743042 0.79873584948088 0.27882579803466795 0.019438037537691886
12 0.18935367584228516 0.7987017447488349 0.195015869140625 0.01900254634388706
12 0.2216382122039795 0.6137702004951343 0.2497433090209961 0.01846897058319627
12 0.3522082424163818 0.4284808108681127 0.47227790832519534 0.01987312718441612
12 0.18465912818908692 0.7060825280975878 0.19271167755126953 0.020059364720394733
12 0.5057976055145263 0.10548100722463508 0.8192924499511719 0.03949269746479235
12 0.15122243404388427 0.7986586721319902 0.11799778938293456 0.018700208162006578
8 0.1845113468170166 0.14549956739994518 0.20418655395507812 0.01866082977830318
12 0.1868022060394287 0.14554933916058457 0.19944873809814453 0.019268705133806196
12 0.17650132179260253 0.5228073655513295 0.17794736862182617 0.02010117915638706
12 0.1815337657928467 0.7519271850585938 0.1798739242553711 0.0174224853515625
7 0.5153229141235351 0.9601522345291942 0.131292724609375 0.019565622430098684
12 0.5190656757354732 0.3980682954544712 0.8073747253417963 0.023168793914013688
1 0.8347824859619141 0.058832519932797075 0.1451701354980469 0.0383200862951446
12 0.3234457492828369 0.7045683743660911 0.22392019271850586 0.016507546943530703
