10 0.5232356465657552 0.7451965489338355 0.8588499348958333 0.2634622895021209
5 0.2120009460449219 0.0775369532739174 0.07848529052734375 0.04931061210501235
10 0.5380591023763022 0.3259361896318259 0.8053035481770834 0.12650147008732013
9 0.7417205200195311 0.7022108097666317 0.22291866048177084 0.14624458653820338
9 0.39118577067057286 0.6299060939513531 0.22024930826822917 0.14371681868825173
4 0.7742392171223957 0.03853101992525186 0.25313663736979164 0.01778650775398176
6 0.34111908976236976 0.07940420170420225 0.17713836669921876 0.038218691586628814
4 0.7355807698567709 0.10294083467463859 0.152052978515625 0.014087146090478014
1 0.5424799194335937 0.15354211551626934 0.21687691243489585 0.02880256364435675
4 0.7853717854817708 0.12714598350918171 0.23240909830729164 0.014574529379094179
4 0.8152595825195312 0.060486900028084566 0.3407951253255208 0.015286753677420599
2 0.513825948079427 0.9394945492039841 0.17444836425781246 0.016060216320339347
4 0.13889102935791015 0.02399378052282169 0.1984193318684896 0.016306159422569667
4 0.7231693115234376 0.08092200878969173 0.14927498372395834 0.013521548398991222
12 0.731309794108073 0.20098640992469397 0.3369739990234375 0.01840797240791452
12 0.8106368408203124 0.1595119463209434 0.12046801757812502 0.015659450255718427
12 0.31905297851562503 0.198512257579266 0.34140445963541666 0.016578071305841924
12 0.49846637568629676 0.5630986321832719 0.7224306519477185 0.01646234571319266
12 0.5045396423339844 0.5250877301717543 0.7331295572916666 0.04941388421861577
2 0.5171124776204428 0.9570792286666397 0.7899352213541667 0.01738547623362328
12 0.24415645345052084 0.21663880757859486 0.20353727213541667 0.015695997939486683
12 0.3213475036621094 0.23618260282011785 0.35930232747395835 0.01602678856079521
12 0.6141216430664063 0.2201767033318064 0.1131180419921875 0.015858954990033022
12 0.49305529357804656 0.4890250504221683 0.6965481042501555 0.013442416371348765
12 0.5216827597473536 0.43274321670794436 0.7520317786823747 0.014978415367939209
12 0.2831032433897531 0.41413839649274026 0.2846561279296875 0.014852910517007625
12 0.2987512003580729 0.5815078892658666 0.3077133382161458 0.0155029296875
12 0.4365958048502604 0.45144281026833655 0.5103974609375 0.014367382141323024
12 0.4156069288728756 0.46859692289432564 0.542013916015625 0.014373307375563788
