9 0.713991568954389 0.7897140884399414 0.16714577338371342 0.12864845275878906
12 0.460026634334492 0.3227706974845902 0.6729946957192611 0.014281286021426616
9 0.3004636073356398 0.7832557678222674 0.15589201957597726 0.13079299926757812
8 0.1571244323520365 0.34210910797119143 0.11724764221506562 0.016185455322265625
12 0.4978328186140208 0.5288396415339376 0.8044907377837243 0.05453711693017976
12 0.5026625142450382 0.37564088821411135 0.7977997193853539 0.04017910003662109
10 0.5057299904486808 0.25739294052124023 0.8134748291435833 0.10214977264404297
12 0.25495747684449577 0.1306689977645874 0.30346880858527314 0.01733593940734863
12 0.7695478744638151 0.12943569660186768 0.2101891627615372 0.017390470504760742
12 0.498001031736193 0.1633143138885497 0.7972463599484757 0.03853685379028311
12 0.6391001591008921 0.8808366775512699 0.3047019171346501 0.05859794616699224
12 0.5146415286469862 0.5677949429486033 0.7607043459322123 0.01919347781615191
12 0.3706845990967217 0.4655450820922852 0.3704372281256723 0.013541183471679687
8 0.3257391278835084 0.6703960418701168 0.4482845212758648 0.018364868164062485
8 0.4279211471434566 0.6906623077392574 0.6562159032220598 0.016952667236328125
12 0.6397529116185725 0.7407657623291015 0.3027943596372096 0.017560272216796874
12 0.49290173186463515 0.6492697906494176 0.7427548532718166 0.016555480957031292
12 0.15783010538596912 0.3424571418762207 0.1192878027175667 0.015477027893066406
1 0.48607206098389094 0.08738242864608764 0.10831639196294103 0.023642773628234862
12 0.2493758567659516 0.10954651832580552 0.29135363671954984 0.017934799194335927
8 0.18478277341018645 0.1928925609588623 0.17115394999361283 0.015354900360107422
8 0.20395003825990343 0.6293230056762695 0.21322340316903776 0.01585845947265625
8 0.1587237556707018 0.48591922760009765 0.11400208990257907 0.015739059448242186
8 0.2115605278255881 0.4032118055555556 0.22948938611589217 0.0147569444444445
12 0.4452333142092178 0.4344618055555556 0.6131669535283993 0.03732638888888893
8 0.142235609103079 0.46527777777777785 0.07888697647733794 0.019097222222222213
12 0.3424411933448079 0.5881076388888888 0.41475425511570096 0.013020833333333356
8 0.36216293746414224 0.6080729166666666 0.5306942053930005 0.01649305555555557
12 0.5097772040543125 0.7191840277777777 0.03944348823866889 0.013020833333333285
12 0.6203384968445209 0.7651909722222223 0.26773761713520744 0.021701388888888715
12 0.5289013195639702 0.7890625 0.08486326257410597 0.015625
12 0.5802973799961751 0.8098958333333333 0.19004589787722317 0.02083333333333343
12 0.5988238668961561 0.8311631944444443 0.2247083572384777 0.01649305555555557
12 0.1464190093708166 0.7200520833333335 0.04900554599349778 0.014756944444444428
