9 0.3708622755202572 0.17048232078552247 0.21957148999239492 0.14924173355102538
12 0.312644094281492 0.6492284774780274 0.3482528281422843 0.01657127380371094
12 0.5126116862339251 0.887228591297013 0.760972338651133 0.05439077465487671
12 0.509675071513758 0.7345226116365956 0.7387628876002484 0.04953982921704277
12 0.5236740382371752 0.31179059492697425 0.7604508391523782 0.07685264972582825
12 0.4000571596938952 0.6864587020874023 0.5265474302578816 0.018817062377929687
12 0.5154820264968197 0.431011962890625 0.7434690222275997 0.076619873046875
12 0.5120455624706092 0.5409592838472892 0.7388984796373905 0.04926971050366429
12 0.5311671704317615 0.07440956115722656 0.7706060088841261 0.04272062301635742
12 0.49572695841831477 0.7907011956077595 0.7192248319102603 0.028160508891299302
12 0.35823389914183495 0.49072105407714844 0.4437403045924364 0.019843292236328126
12 0.5005726231937915 0.6022917747497558 0.7456777386960731 0.04090030670166016
8 0.23685867174536782 0.8159011840820313 0.19634766705268253 0.01910858154296875
12 0.33585684134167343 0.16962832327891086 0.384990894197184 0.06445447675801724
8 0.8444844473779729 0.033455882072448734 0.10953514976839049 0.02323659896850586
8 0.2162728638775581 0.2523617744445801 0.15181533678443032 0.018037033081054688
12 0.38127022802302263 0.3665960884094238 0.48241231462596784 0.020655708312988283
12 0.524945958566237 0.23015627861022953 0.7524496453243139 0.02068014144897461
12 0.23431281705873203 0.11374866962432861 0.16804715046840432 0.017837667465209962
7 0.7682180759126106 0.9540390014648438 0.10423508365597345 0.014508819580078125
12 0.19201923471636476 0.8422506332397461 0.1241842084226355 0.01614723205566406
