9 0.3688032681334253 0.3265506998697916 0.19559371649050245 0.11696446010044644
9 0.7070651424632354 0.32626463390531996 0.19366593903186274 0.11915262858072918
8 0.263033722522212 0.1208899870372954 0.12187038047640933 0.01639365059988839
12 0.5347988233379288 0.1695854717283976 0.7249918141084557 0.06048447814801579
12 0.3254069010416667 0.3965617443266369 0.24487678079044117 0.017035667782738094
12 0.7037449735753674 0.4092326565240139 0.3211505246629902 0.040556551887313066
12 0.6460506902956495 0.6489347912016369 0.2587358781403186 0.016998814174107143
12 0.7723538267846202 0.5579105050223214 0.2155954637714461 0.018167317708333332
12 0.5359178183001722 0.23416719709123876 0.7231951408512635 0.05730223156156992
12 0.2508981502757353 0.5567932419549851 0.09070350796568627 0.017926025390625
12 0.7176955518535538 0.5116453624906995 0.18456370634191177 0.017285563151041666
12 0.26222397748161763 0.510591575985863 0.11041637944240196 0.017486746651785713
12 0.2980699367149204 0.46470948718843 0.19089463177849264 0.02166349865141369
12 0.7130800972732844 0.46651713053385424 0.19166073069852943 0.017704031808035713
12 0.5357890170228248 0.09056379772367933 0.7281843596813725 0.043461637951078866
12 0.6973129853938709 0.3290272885277148 0.3163780388024491 0.016148652576264865
12 0.333843954248366 0.32942708333333326 0.24734477124183007 0.019965277777777787
7 0.5368668300653594 0.7682291666666667 0.05004084967320267 0.010416666666666572
