10 0.47033448457717897 0.3719769620760559 0.892628173828125 0.25112518109205645
9 0.9421516799926758 0.7327496872883041 0.1113188934326172 0.1508090120795535
12 0.3996483087539673 0.20630354526242933 0.6535518646240235 0.036611400607843424
9 0.9542334747314453 0.4136001917688944 0.0850946044921875 0.14841201595266848
8 0.11654805660247802 0.7389786960267436 0.11096059799194335 0.017134253873114985
8 0.12725552082061767 0.6218113301499175 0.13187873840332032 0.016801293001885015
12 0.5335975646972656 0.5521194501152362 0.33475677490234373 0.01630651130640316
12 0.1636253023147583 0.5989582086935232 0.2030472183227539 0.015375509450842366
12 0.4761277008056637 0.796489874425515 0.8253483581542963 0.08292879456262472
5 0.09540426969528198 0.03660504667406145 0.06005394458770752 0.04438316855758681
12 0.475049519538879 0.681879349308773 0.8231458282470695 0.08425527120692337
12 0.38465986444738776 0.5297717526765715 0.3880125388664544 0.014880152494698389
12 0.4761052197956428 0.8707077344530412 0.8350790460717537 0.04322344413582008
12 0.248114484332277 0.17007213308494346 0.36041451721819795 0.022404475666013782
12 0.6148839569091797 0.16648976921922862 0.34896652221679686 0.019128279906191092
12 0.37991631061376924 0.5531679201979999 0.37746489464160143 0.01436097974714301
12 0.5660296043834999 0.5795566232875387 0.6509103423194269 0.017445068890406333
1 0.47662109375000006 0.10243055555555557 0.329259982638889 0.02604166666666666
6 0.30911295572916664 0.03515619439604496 0.3488313802083334 0.04774316676346549
11 0.4438102213541667 0.23828125 0.7678895399305558 0.011284722222222215
8 0.1243359375 0.5303819444444444 0.11052083333333336 0.015625
8 0.12203342013888889 0.5533854166666666 0.11512586805555557 0.014756944444444428
8 0.14505859375000002 0.5750868055555556 0.17268880208333337 0.018229166666666644
12 0.47489420572916674 0.8194444444444443 0.003453776041666714 0.03993055555555557
8 0.1191552734375 0.9036458333333335 0.10936957465277779 0.017361111111111
12 0.47719672309027783 0.9283854166666665 0.836965060763889 0.01649305555555557
7 0.8818641493055556 0.9578993055555556 0.027630208333333427 0.021701388888888857
12 0.8565364583333335 0.13758680555555555 0.03914279513888886 0.019965277777777787
