10 0.4988418445084595 0.3265701105565201 0.827792331595044 0.1432143115492725
10 0.501587067224749 0.7904284711027061 0.8349961648172836 0.3270133420483356
9 0.3618087672828282 0.6681121341765873 0.19882623344622413 0.1444540679770172
4 0.7867189261365864 0.0694407306650959 0.3289565944312657 0.015763715040957065
5 0.1512756922014684 0.08962014953505637 0.06654252611110022 0.050912672039482756
6 0.27530856832506667 0.09104874020531063 0.15948846259410288 0.04005447602986869
1 0.5063406299318245 0.16863873059577203 0.20928384548747256 0.030059827908847273
4 0.7393170288545424 0.04422155343245787 0.22813543800727337 0.019773994593813727
12 0.25345205692305617 0.19796374823891508 0.3183712450743021 0.017223459072213954
2 0.49807237651446834 0.9646873945071374 0.16042451367922678 0.013319119784777338
12 0.5823544414907956 0.21790078918349384 0.10026280344504784 0.015704052368379354
4 0.6942606008187441 0.11428780866888674 0.15060639231836181 0.012837075262052884
12 0.17494438104378232 0.21711505573683104 0.1632655585275839 0.014319620014708719
4 0.6866886229856101 0.09144492712811397 0.13564615476984002 0.014273574533075673
12 0.8457464699164836 0.17199176875792271 0.10996084560265057 0.015395445377948633
4 0.2675402604202404 0.02888591033020558 0.43087052521173147 0.019692160254853534
12 0.5793886268452988 0.19772988778573494 0.09425068739217378 0.015307767891589507
12 0.8540473277476082 0.19509930080837673 0.084888185431697 0.01741537803905561
4 0.805252860151839 0.1392592105495446 0.21894045725670483 0.014745036130229
12 0.4984951426124333 0.433362271209663 0.8073104035151348 0.030417440639812058
12 0.49127675897653306 0.5390954396081349 0.7748382453487688 0.052721026923500884
12 0.25982530084128963 0.2358606193851962 0.3372465394521448 0.015493941265018739
9 0.5941964488107258 0.7628851996527777 0.0726259774814735 0.09366506748098544
2 0.5064383135416006 0.9806946984884743 0.7435859855225204 0.013834420125110193
12 0.6032951862330418 0.4258477481794946 0.5189894385439539 0.015351848837770061
12 0.4250566693941406 0.5775661569423775 0.653377726645084 0.0141331371596671
12 0.34760634939070184 0.501066365990478 0.4994990988777864 0.016136586560984337
12 0.4993442174090154 0.4731643795973845 0.8081073435402659 0.03541328352099331
12 0.2581359786700126 0.5963541666666666 0.3235962986198244 0.015625
