10 0.5179727363586426 0.24341858045189782 0.6978077697753906 0.21422582305638133
9 0.43114418029785156 0.18413485636753318 0.1886487579345703 0.13349393321349556
9 0.9379294204711914 0.6981376445398922 0.045571517944335935 0.10950490225732853
9 0.6887688827514649 0.23584296302457827 0.17556098937988282 0.11854871901790652
9 0.9612833023071289 0.5255599030351217 0.07424995422363281 0.13874954628733407
12 0.6844657897949219 0.08909608283929066 0.13788772583007813 0.013715895931277654
4 0.15859604835510255 0.03235811216641316 0.17414216995239257 0.016516822207290515
12 0.698177433013916 0.10795540936225283 0.16377208709716798 0.01323047064046944
2 0.4956966400146484 0.8931677624187638 0.1693128204345703 0.014508812828401546
4 0.7285210418701172 0.046067031927868325 0.2149444580078125 0.016721138068005046
2 0.2972818756103516 0.9073721016402793 0.12496894836425781 0.014952154919109513
5 0.27682339668273925 0.08937845820874239 0.05169839859008789 0.03950563954041068
12 0.7758019828796386 0.0697278092369201 0.3203903579711914 0.015011117310650586
2 0.4649654769897461 0.9077006922358961 0.12935585021972656 0.015175608407079646
5 0.21028103298611112 0.08854166666666666 0.06498480902777778 0.04513888888888888
2 0.6774359865236039 0.9071180726644645 0.21947699652777786 0.013888888888888857
