9 0.6564922440523482 0.6537268055019093 0.2152711110375471 0.21297950175271105
9 0.2611184919396812 0.6380956564376603 0.2153815001866687 0.20803576796802123
9 0.9647733469242878 0.6914247825964174 0.0703022700020598 0.2138473169127507
12 0.09630889587258665 0.8024173850443824 0.16316465963302584 0.026872264805124765
12 0.11341936485017534 0.8600332630214408 0.1990509895281603 0.024493829527897623
12 0.4942209276102356 0.8650989817149604 0.1605436968040107 0.026820168566347946
12 0.3316048659847281 0.08947890907970826 0.3561199066104637 0.0261246054919798
12 0.49532809499966896 0.8083385923015538 0.1593282236217779 0.026951405539441465
12 0.44017796776838 0.30639964431079464 0.8467261822659192 0.049058544101999765
12 0.2997482788315825 0.04328085237474584 0.3130059825947505 0.0638656972059563
12 0.42615130745403546 0.48979665272271455 0.8238535135101267 0.07856511358004893
8 0.07033826537051442 0.12970059309432755 0.10793420105555188 0.0251299374139131
12 0.4592087740278513 0.6878138015519327 0.08132290885048848 0.029963991535243702
12 0.44421715858674155 0.1881688468528044 0.836915539555911 0.054747583268414377
12 0.1190852017000342 0.6831530385942611 0.2065916354044675 0.056786779147475555
12 0.6004220420133372 0.6311169240012098 0.3632206458829891 0.026689614822615438
12 0.5719588687415401 0.9167188103519268 0.3102475038805026 0.058980173139429805
12 0.16438076141414892 0.6255833070669601 0.2923922493857403 0.027252197265625
12 0.4493669025571076 0.24309536703218387 0.8572879080045022 0.06919290058648409
9 0.9772292314949682 0.3855551961642593 0.04460842326536017 0.11060467051036323
9 0.9773055541762301 0.43946510998170774 0.04512498068944208 0.21776837021557252
12 0.2831315683543665 0.43071820842685987 0.5268203113959802 0.024327007692251632
12 0.06904513508137561 0.1296402625183561 0.11166579395588733 0.024209470891240818
12 0.4034868372589623 0.7435470410247378 0.7801367961311056 0.0270935172465311
8 0.04763140920865333 0.3894983974855337 0.07996823872999058 0.023612605991648203
12 0.4239402072305329 0.34870134485371757 0.8046102255321245 0.03696604205498519
9 0.9782302770237464 0.48994600950781975 0.038766519722516476 0.10931245604557778
12 0.047773154666419314 0.38974921383074856 0.0781126866457377 0.022963054144560405
12 0.12494433420768145 0.9224349003528445 0.21440717909071177 0.08590715322921526
12 0.2672499476878008 0.5503472222222222 0.49769826323498634 0.029513888888888857
