5 0.08735400915145874 0.0763077536611139 0.07909367084503174 0.06637644792064858
10 0.5009677648544312 0.6836127884891056 0.9046797180175781 0.2551992496097732
9 0.33646546363830565 0.6434868706597223 0.19803197860717772 0.16310597146566008
10 0.4975933361053467 0.2866679355881873 0.910208969116211 0.22690116423471746
9 0.7280974388122559 0.6108121259496846 0.20279850006103517 0.13818589578953236
1 0.48621337890625 0.15482238551770752 0.17142494201660155 0.03661871393886181
6 0.21878000259399413 0.07629166077157894 0.17669078826904297 0.053468799493849944
4 0.1703581714630127 0.022786719840357912 0.2146339797973633 0.019549246349587473
12 0.8252032089233399 0.07726434830131881 0.2510347747802734 0.020736476575441195
4 0.8352435684204101 0.02488290182068929 0.2310747528076172 0.020947218184320448
12 0.4931950642347927 0.47489346884425643 0.8929641870023002 0.038417915704278424
12 0.4962972831726074 0.42477925618489587 0.8975663757324219 0.033565696226347475
12 0.28432042808438096 0.4526530507872229 0.4771051841754763 0.017060290539787186
12 0.858873291015625 0.048443023339445564 0.187738037109375 0.018629480453320114
12 0.19201815072675704 0.5454985475664881 0.27921707153320313 0.012584690167877166
12 0.3271104526695672 0.5052736459279029 0.5488033117650836 0.015004538128742943
2 0.5749706459045411 0.9259195901324382 0.1958169174194336 0.01552464351984582
2 0.4746154328177451 0.8870306763566369 0.48457879622974415 0.015941623761627183
12 0.35693587741634614 0.5261041386522812 0.6199156775756887 0.017757384660732015
2 0.497099609375 0.9110243055555557 0.6769921875 0.03211805555555557
