9 0.6070447315889246 0.5369830233506202 0.1862677001953125 0.13315657329314584
9 0.2653517240636489 0.7384278335767082 0.18090371524586396 0.13034055006616233
9 0.7839026596966912 0.6252098116128235 0.17620591107536765 0.12725809193554855
1 0.5146724193387767 0.17134744923169845 0.6287347743393181 0.07651405562897641
9 0.9689399629480698 0.4490483710661824 0.022699261833639704 0.08744497437880934
12 0.45055514298620764 0.6063859250517324 0.5321523749714719 0.0236805441850673
9 0.9548594037224264 0.771476752131897 0.04222641888786764 0.10240153760559238
12 0.4881935029871323 0.8121127217523658 0.4467810776654412 0.021689409267402694
12 0.4856095437442556 0.7873285324579635 0.4272480325137868 0.0231720049020263
12 0.29916456334731156 0.4012539931298118 0.24637058033662684 0.02140767641614093
12 0.2986638775993796 0.43476572681227943 0.24097467759076288 0.02136556790158522
12 0.509185752663813 0.3611741665594595 0.6472347353375847 0.041080288850312785
12 0.47332944982192093 0.5037414185301272 0.5841105382582721 0.026657483025021387
12 0.2880111245548024 0.47029772938776465 0.1930818266027114 0.022907292975433063
12 0.4969595695944393 0.5392926066168677 0.6352950511259192 0.023102280918583726
12 0.46499744689542494 0.5750868055555556 0.5551317401960786 0.021701388888888857
