9 0.3900975227355957 0.6090254792069968 0.1932840347290039 0.13426794541620576
5 0.19134536266326904 0.07489051818847656 0.07050740242004394 0.05021484510033532
10 0.5104161643981934 0.7171818826050885 0.7207331848144531 0.24935648420215709
10 0.5119791889190674 0.30115652168746543 0.7293353271484375 0.09329355965673396
12 0.49979882571946577 0.36745349431335966 0.6928716021011077 0.027282347275779203
6 0.3094328880310059 0.07680850071189678 0.1567751693725586 0.03908119539243985
4 0.779273452758789 0.05803389422661435 0.32295913696289064 0.015478988242360343
4 0.1400607109069824 0.02217729872306891 0.20345321655273438 0.016429666502285847
12 0.3227773952484131 0.2295160681800505 0.3298940658569336 0.01531457141437362
12 0.30100732803344726 0.19360952461715292 0.3168496322631836 0.017295256758158187
9 0.9519964840099788 0.2698363707152456 0.09355476379394533 0.1420822548655282
12 0.551940746307373 0.21381621909352527 0.10787158966064453 0.016341879515521296
12 0.3758271598815918 0.47986269250380253 0.3320068359375 0.013518746975248894
9 0.7814636334107766 0.6596987834018933 0.17974622561008666 0.13637236198492805
12 0.7694352340698242 0.15512787135301437 0.10992820739746094 0.015434548707134956
12 0.2740754222869873 0.5111993570243364 0.24174663543701172 0.01844568843335177
12 0.5146882305983452 0.40968985768546057 0.7179488065950586 0.014046268969510509
4 0.7347730255126953 0.12386267332904106 0.21719696044921874 0.013935798037368639
12 0.4488115978240967 0.460994997277724 0.5845450973510742 0.013504379407494469
1 0.5079740905761718 0.15132621157485826 0.20460609436035157 0.028282813688295078
4 0.6826070022583007 0.07899824496919075 0.13167991638183593 0.013598585550763966
4 0.723216667175293 0.10130974085985033 0.19744575500488282 0.014832859545682385
12 0.4163058127518746 0.39325429190576566 0.5213481828458597 0.015430929808490014
12 0.24650952339172363 0.211350419036055 0.18533309936523437 0.013518909015486726
4 0.7326117621527777 0.03819444444444445 0.22928602430555564 0.02083333333333334
12 0.6737575954861111 0.1957465277777778 0.34208984375000007 0.01996527777777775
12 0.44631076388888885 0.4266493055555556 0.5860894097222222 0.019965277777777714
12 0.4929036458333333 0.4444444444444444 0.6694661458333333 0.012152777777777714
12 0.2728135850694444 0.49392361111111116 0.23419053819444444 0.013888888888888857
12 0.49842122395833344 0.5490451388888888 0.6952148437500001 0.05295138888888893
12 0.2881401909722222 0.5828993055555556 0.27955729166666665 0.014756944444444428
2 0.48064236111111114 0.88671875 0.15449218749999993 0.009548611111111143
2 0.49658203125 0.90234375 0.6890842013888888 0.019965277777777714
