9 0.44303362260995144 0.30921796685484443 0.07396526725924744 0.05548409239886558
9 0.27454584621746836 0.25293910231220124 0.20336176274896978 0.13867116083293202
9 0.7565160299208326 0.1906268803496339 0.1823534523860626 0.13205685027658123
12 0.2343445303301609 0.10806152483099674 0.11980889768016581 0.016659166170581836
12 0.29188010606511233 0.3679047501794823 0.16045376045550433 0.027459166365671375
12 0.2771427627635339 0.13596635757515962 0.20838480280182986 0.01779577176864833
9 0.6787827759747228 0.2686492885084457 0.06623296572986166 0.047646892669538386
12 0.619067828359559 0.3047456697786235 0.18181908336501668 0.07154875803211508
12 0.7180658696771978 0.057917033156303505 0.32528997927295916 0.022102913355718467
12 0.49317736902641157 0.22995681414321129 0.706038590315934 0.02518205337872788
12 0.2541938075091064 0.08023483894731356 0.18872935057060686 0.017084099930715343
12 0.2673992673992674 0.16232638888888887 0.18383699633699632 0.020833333333333322
6 0.2124869178440607 0.05078125 0.07878728414442701 0.028645833333333336
5 0.1486214678178964 0.05164930555555555 0.037006148613291504 0.028645833333333336
12 0.18562761643118783 0.27604166666666663 0.10863095238095237 0.022569444444444465
12 0.19338697017268444 0.3012152777777778 0.11459968602825744 0.01736111111111111
12 0.15817144165358452 0.32204861111111116 0.051331109366823675 0.017361111111111143
7 0.49719551282051283 0.9435763888888888 0.11579343275771847 0.02083333333333343
