10 0.490136890411377 0.7732985374510443 0.7636661529541016 0.24915772546779805
9 0.6665200233459473 0.7207020360350714 0.20172283172607422 0.14074255509206376
10 0.5131827640533447 0.33988718907660875 0.7612653350830079 0.1655353914664246
5 0.2036457633972168 0.07394897055895668 0.07488849639892578 0.05193284701222021
9 0.39312899589538575 0.723719132890693 0.1815397834777832 0.1379629322712685
4 0.7817338371276855 0.05579771966494301 0.3231099319458008 0.014905858185106615
6 0.32475064277648924 0.07619245909316524 0.16066686630249025 0.04007093464425587
4 0.7333270072937011 0.03283820720835288 0.23083087921142578 0.017421948173131186
2 0.490233211517334 0.9337379183325174 0.7009536743164062 0.01869853711107485
2 0.47806337356567385 0.9179744338657255 0.16001636505126954 0.013147790707952568
4 0.7381655311584473 0.12335080909563004 0.22879741668701173 0.014201523637232105
4 0.1321502947807312 0.018633337825977668 0.19018341064453126 0.016586768513041233
4 0.6825062370300293 0.07648509185764456 0.13520099639892577 0.01424397998939295
4 0.689749813079834 0.09826594087950971 0.15151218414306641 0.014978626274460808
12 0.49290761947631806 0.5531154309522678 0.6967125701904293 0.06753085442520504
1 0.5138965415954589 0.15044636141226747 0.20466114044189454 0.030068712093396434
12 0.6943534088134765 0.19690653217471712 0.3121733093261719 0.018959277811208115
12 0.4709012985229492 0.505600918470205 0.3309410858154297 0.015308562727779591
12 0.7638009643554687 0.15537409371557806 0.11026504516601562 0.014716604048527251
12 0.29793931007385255 0.6174280815688915 0.3177167892456055 0.01471080066226066
12 0.3040738487243652 0.19659980926646473 0.31862728118896483 0.017009061144371465
12 0.4971035385131836 0.48071132357790736 0.7063701629638672 0.03211038853418734
12 0.30630154609680177 0.23382199173704038 0.3328490447998047 0.015478706857865536
12 0.5995623970031738 0.21567343503522082 0.10735057830810547 0.016994386677953655
12 0.4722589646568248 0.5987443650048957 0.661246601180192 0.014375718185650598
12 0.30727137565612794 0.5053643474794659 0.3308589172363281 0.014140820482484768
12 0.44219771116201684 0.4502362549253081 0.5967899948512597 0.01678782862305537
12 0.22441406250000004 0.2152777777777778 0.16706380208333335 0.010416666666666644
