9 0.3445688076120205 0.8066280304439484 0.21931150729063326 0.15747106642950148
9 0.6472605952510128 0.8252753908672029 0.19579101239562666 0.1561260526142423
12 0.477473708056899 0.23128372525411942 0.7847296497809194 0.1312928729587131
12 0.6469369716745206 0.9314573984297495 0.2593730946697255 0.027405753968253968
12 0.2916515996216466 0.4569305692400252 0.29442301755229 0.02723648434593564
12 0.37399556397130257 0.7086802891322544 0.47225899671120625 0.025919354151165676
12 0.3724325876387338 0.4988634775555323 0.4657656553561095 0.028125551011827253
12 0.5017969646151104 0.08526136383177743 0.7581654705067791 0.07336410643562438
12 0.4760650503572333 0.3900435462830558 0.7915466147125083 0.07164961194235181
12 0.37714820942550736 0.7142066047305151 0.4568213810996404 0.028755369640531995
12 0.30906371464805 0.806815192812965 0.32685349479554193 0.028193277025979666
12 0.3397868020193917 0.6684662349640378 0.3812152115756241 0.02543361603267609
12 0.21207190821410488 0.013284310461982848 0.26282697001462263 0.026568620923965697
12 0.31107302065248843 0.9286712162078373 0.18854446007461145 0.08036767868768602
8 0.31413834183304395 0.1513393417237297 0.2440097546451306 0.031299878680516806
12 0.3091315314883278 0.32745119125124006 0.3293861308425823 0.029329451303633434
12 0.4792187604954634 0.562310052296472 0.7659137059771826 0.06680128309461805
12 0.2948823151765046 0.8740396953764415 0.29805856533151454 0.028445228697761657
12 0.46753270904801125 0.6265148392922715 0.6672605188851594 0.030531396267918804
12 0.3140991352222584 0.15228991281418575 0.23717262631370908 0.029729464697459386
