10 0.500820541381836 0.7548476371097007 0.7856661987304687 0.24573385128883443
10 0.5230350017547607 0.34894466956920484 0.7803723907470703 0.1633302562926788
9 0.36796875 0.6579982576219114 0.20394523620605468 0.1358875214208455
5 0.26430889129638674 0.09075591761037843 0.0525482177734375 0.04017670975813178
9 0.6465958595275879 0.795350571887706 0.20132701873779296 0.12659969123032214
4 0.7073259925842286 0.11292935610811744 0.1535293197631836 0.012990663606390743
1 0.5276546669006348 0.17008457390639659 0.21717029571533203 0.029296582295956265
4 0.7966038131713867 0.07171585681142163 0.33518669128417966 0.016572266643101023
4 0.7503187942504883 0.049098451501434305 0.2421862030029297 0.017399216016398756
4 0.7592659759521484 0.14557209285325662 0.22661117553710938 0.015811923347581316
4 0.13678271293640137 0.03293443939107174 0.19105506896972657 0.016443831608432647
12 0.7155047035217286 0.2168896176399441 0.3074651718139648 0.017916198170513188
12 0.7843590545654296 0.17808497081307992 0.12143142700195313 0.015267951971695162
12 0.6231849479675293 0.23572907435884072 0.11416629791259765 0.016454803237724146
4 0.700379638671875 0.09241091717870362 0.13833663940429688 0.014049590479045037
12 0.3115077590942383 0.2138965151725559 0.3361045837402344 0.01580595473034169
2 0.48765308380126954 0.907447083181297 0.17282699584960937 0.01420556355556714
12 0.22909707069396973 0.23220033621768138 0.16722122192382813 0.013983617532839866
8 0.32016526222229 0.25106814068690053 0.34753543853759766 0.014343312623801084
12 0.4917751234608707 0.5840933881668968 0.6819090807760125 0.017709612746950584
12 0.2948496532440186 0.5989538197521371 0.286101188659668 0.015157895251251042
8 0.2812080978130259 0.4548155312939807 0.2649029395530534 0.014789189966247916
12 0.5792386054992675 0.5826454448938568 0.5000170516967773 0.016772654376694122
12 0.509477443967239 0.5472576322609597 0.7201874738414609 0.05428123567626832
5 0.1937842351824667 0.08894705307222528 0.06165512084960938 0.04028198140377398
12 0.5093408203125 0.4835069444444444 0.7168500434027778 0.027777777777777714
12 0.40005696614583336 0.51171875 0.503486328125 0.018229166666666713
2 0.5002338324652779 0.9223090277777777 0.727258029513889 0.014756944444444428
