9 0.7583135223388672 0.7119738802732605 0.18312667846679687 0.11727083539919538
10 0.5021552658081054 0.74475924923327 0.9021344757080079 0.22740586973382254
9 0.331548376083374 0.712935751174 0.20383508682250975 0.1466342791144889
1 0.488936653137207 0.18168202985554313 0.17464492797851563 0.030111276552229716
12 0.4934988737106321 0.5328127082175084 0.8869682312011714 0.02720922222800453
4 0.16813979148864747 0.05893397741931628 0.22373662948608397 0.018897941084418206
12 0.49655127048492426 0.4199929768889296 0.8873234558105467 0.03476169855063756
12 0.846005516052246 0.0994542693400102 0.20321006774902345 0.01538202142239914
12 0.8187681198120117 0.12292838420850628 0.25313041687011717 0.017022949938112677
12 0.49077417850494387 0.48268972692550144 0.8911714935302735 0.029940815265894153
12 0.49607722759246825 0.5745607481408608 0.8946994781494141 0.019334193010812697
10 0.4955473518371582 0.3402534132098892 0.9075312805175781 0.10773737086886616
2 0.48632064783943435 0.9287246607264268 0.49928581167007957 0.01594196226201268
10 0.4942921257019043 0.24204312252760585 0.9116688537597656 0.07171593507851456
12 0.8334357833862305 0.07781051746413369 0.22533638000488282 0.01924975093450745
6 0.21696264266967774 0.10809028397228972 0.18043827056884765 0.04552990938465053
12 0.27436595307047895 0.50851703273742 0.46133197096475537 0.013890671924580685
12 0.8756298446655273 0.09937451346182108 0.13770469665527343 0.015814973998912768
12 0.1678654146194458 0.05948813050201775 0.22333106994628907 0.0171485167682333
4 0.8298259353637696 0.07718781223106902 0.2260424041748047 0.020087172092358198
12 0.49288088063705165 0.45166704459265566 0.874216550023514 0.02496775041789436
12 0.30339680989583334 0.5551215277777778 0.5110470920138889 0.0078125
12 0.20525661892361113 0.5902777777777778 0.31955403645833336 0.015625
12 0.5002756076388889 0.6154513888888888 0.9000173611111112 0.03125
2 0.5044645182291667 0.9457465277777777 0.8700965711805556 0.013020833333333285
5 0.08138454861111111 0.10677083333333334 0.07420355902777778 0.060763888888888895
