9 0.3568252658843994 0.7122508245683364 0.205432186126709 0.15855199910323445
10 0.5124786949157715 0.7415374874604815 0.9291385650634766 0.23366335857703063
5 0.10631402492523194 0.08658946256229387 0.08022375106811523 0.05969528094339927
6 0.23743419647216796 0.08955172527624938 0.17820281982421876 0.04668729314544322
10 0.5063461065292357 0.3140470351089261 0.8933309173583983 0.2572680131281479
4 0.8304109191894531 0.05937724354666031 0.21648422241210938 0.019860523684015533
1 0.505117301940918 0.16378796796390518 0.1689228057861328 0.034907047850612535
4 0.823763427734375 0.10563211403932088 0.2334210205078125 0.01972361761308366
2 0.4925409423750142 0.9353575947683601 0.5202917693935829 0.017744606107125475
2 0.507396263983876 0.9535428144937335 0.9172463415206082 0.02446308704183399
12 0.47141742294887606 0.5773233495333779 0.8334798919522914 0.014812306207441646
9 0.6936939811706543 0.7479655343734799 0.2109561538696289 0.1967401764272252
12 0.21225592136383056 0.6136991745766962 0.3071660232543945 0.016154248426860408
4 0.87841796875 0.08159722222222224 0.14166232638888887 0.01562500000000001
4 0.18739583333333332 0.038628472222222224 0.21639756944444444 0.01649305555555556
12 0.4930295138888889 0.46614583333333326 0.8745138888888888 0.03472222222222222
12 0.5030685763888889 0.5008680555555556 0.8878993055555555 0.02951388888888893
12 0.29671006944444445 0.5243055555555556 0.47964409722222223 0.010416666666666644
12 0.5086458333333332 0.5520833333333333 0.8990538194444444 0.03298611111111107
12 0.37646484375 0.5946180555555556 0.6503081597222223 0.015625
