9 0.846287144554986 0.6797245407104492 0.07539537217881945 0.05336235046386719
9 0.42166088687049014 0.6650834465026856 0.18748656908671057 0.13350360870361327
9 0.775954008102417 0.5409727096557617 0.16987519794040257 0.13096237182617188
12 0.3129589292738173 0.3021064758300781 0.12277423010932073 0.019095611572265626
12 0.37252891063690186 0.5794299125671387 0.2690354718102349 0.021950340270996092
12 0.37489427460564506 0.8067481231689453 0.27199697494506836 0.0223175048828125
8 0.3479118347167969 0.07578823566436768 0.190880192650689 0.019795942306518554
12 0.7540175120035808 0.8107892990112304 0.2731350792778863 0.021454238891601564
7 0.5667279031541612 0.9062530517578125 0.10500155554877386 0.017457733154296873
12 0.5843513541751436 0.18939557119584635 0.7571972211201985 0.037480679440032603
12 0.6040057388159864 0.3432966804504396 0.7032361996412475 0.04570369720458987
12 0.5894290865690218 0.26618778771723123 0.7455183124338344 0.03943127764393573
12 0.7521458466847737 0.7462971115112305 0.2680055300394694 0.021954727172851563
12 0.5592057016500571 0.11389787219155112 0.5716365708245171 0.04163116455078125
12 0.285590820842319 0.7719570922851563 0.1051726606157091 0.021016693115234374
12 0.3785907162560357 0.707316780090332 0.2794817288716634 0.021843948364257813
12 0.45054893622413716 0.2284168322299661 0.415855773066909 0.022951283605547955
12 0.7830635441674128 0.6498015022277832 0.33005762100219727 0.02051830291748047
12 0.7810015148586698 0.6134113311767578 0.32069079081217455 0.0258941650390625
12 0.2836920685238308 0.5143047332763672 0.0823860698276096 0.02239013671875
12 0.382753054300944 0.6749358367919922 0.285186767578125 0.021677398681640626
12 0.7270956834157307 0.6808666229248047 0.20628256267971462 0.02223968505859375
12 0.6594067149692111 0.7135281753540039 0.07950962914360894 0.020782852172851564
12 0.6693432066175673 0.7788190460205078 0.10759989420572919 0.022422027587890626
12 0.2932267718844943 0.5458820343017579 0.10302766164143878 0.020182952880859376
12 0.6664472156100802 0.6170772552490235 0.0894308090209961 0.01829742431640625
12 0.37678115897708464 0.6109910964965821 0.2776716815100776 0.021561965942382813
12 0.7764661841922336 0.6824069595336915 0.30554066763983834 0.026256332397460936
12 0.32026569048563647 0.04957763910293579 0.19852654139200843 0.018485207557678223
12 0.7720131344265408 0.584892406463623 0.30213483174641925 0.027179603576660157
12 0.4403519365522597 0.1529867362976074 0.33183579974704325 0.015381660461425781
12 0.7521828015645344 0.5184768676757813 0.2586566077338325 0.020680694580078124
12 0.7214342223273382 0.779004020690918 0.21159839630126953 0.022918624877929686
