9 0.5420614867083795 0.10908749103546142 0.20794245627074115 0.1438992977142334
9 0.39480515201534844 0.252456579208374 0.21701627748202434 0.148576602935791
9 0.9738717678373894 0.6689830398559571 0.048337683213495575 0.1313915252685547
12 0.6436981066138344 0.08088266849517822 0.3885405954006499 0.02021420478820801
9 0.9557204525027656 0.39662418365478513 0.05773169593473451 0.1356658172607422
6 0.2731674329369469 0.056191229820251466 0.2395889147193031 0.026007184982299803
12 0.4423868905126521 0.10595041751861572 0.5173245860412058 0.018855314254760742
12 0.3562345116539339 0.20229434967041016 0.32131201820035954 0.020171546936035158
12 0.36438759322715014 0.22660131454467775 0.23590652330786782 0.017848930358886718
12 0.4541143636787887 0.13256685733795165 0.423618660985896 0.02138543128967285
12 0.3917047571228084 0.31492337226867606 0.4738535613213079 0.020656337738037087
12 0.4185355667519358 0.22300395965576172 0.27745339722759954 0.02812835693359375
