1 0.48888574600219725 0.405968277032625 0.3639483261108398 0.05742568143438346
9 0.9840099716186523 0.5825754985051896 0.03198005676269531 0.11837349901991201
1 0.22675244331359865 0.11485507083713793 0.2876764678955078 0.04142766050483346
12 0.7694194412231445 0.8283043596288358 0.27995155334472654 0.024134446567576715
12 0.3235302352905273 0.8649713123748449 0.4393568420410156 0.024425465277386052
1 0.4884751319885254 0.23286241744829858 0.5714173126220703 0.0365564366970682
12 0.3205708122253418 0.8261696440218158 0.4294317626953125 0.02481481228494472
12 0.45519338607788085 0.5760019075138905 0.39885242462158205 0.024964866225039482
12 0.48962381240734504 0.2726920503141204 0.5674384664894953 0.023387316762325094
2 0.1641080729166667 0.9240450961166157 0.17192274305555558 0.011284722222222286
2 0.4598632812500001 0.9201388888888888 0.164709201388889 0.019097222222222144
2 0.7742534722222223 0.9253472222222223 0.22842881944444443 0.026041666666666713
