1 0.47962239583333327 0.06901041666666666 0.21115451388888887 0.026909722222222213
12 0.1701302083333333 0.09765625 0.24131944444444442 0.018229166666666644
12 0.16108072916666663 0.12630208333333331 0.22563368055555555 0.01822916666666666
12 0.4874652777777777 0.10112847222222221 0.2171875 0.016493055555555552
12 0.4440277777777777 0.12760416666666669 0.11824652777777772 0.013888888888888874
12 0.4820355902777777 0.15625 0.1966753472222222 0.015625
12 0.6449262152777777 0.18359375 0.5248697916666666 0.011284722222222215
10 0.4796223958333334 0.3511284722222222 0.8530642361111112 0.3098958333333333
12 0.4778125 0.53515625 0.8494444444444444 0.04079861111111114
12 0.4615234374999999 0.5772569444444444 0.8144531249999999 0.015625
12 0.41627604166666665 0.60546875 0.7263715277777777 0.014756944444444428
12 0.4796223958333334 0.7013888888888888 0.8530642361111112 0.15104166666666657
12 0.34146701388888884 0.7977430555555556 0.5767534722222222 0.013888888888888857
12 0.4941015625 0.8854166666666665 0.8241059027777777 0.07118055555555557
9 0.9651432291666666 0.7916666923300302 0.0697135416666667 0.1302082820066057
