8 0.22151672701179845 0.08702208940732513 0.1478999300158663 0.02181884988290751
12 0.472983060183225 0.8287190722220814 0.7261874681308275 0.07104798971422781
8 0.22533151764413972 0.7565781895235864 0.14967954408872378 0.0218410360508715
12 0.468300265865726 0.4339809781102744 0.7140830869163388 0.06141282210332641
12 0.46922201765722876 0.22234613227612293 0.7181626255417758 0.08481139270796387
12 0.46812373163538934 0.3652715106990398 0.718101874931709 0.04701067766391367
12 0.47192558875450713 0.1426383684558041 0.7164004310305578 0.04922847801922882
12 0.4742847433734885 0.30542985524153204 0.6978035595589307 0.044313230541586444
12 0.4229950715889742 0.7063962320204829 0.554112965688283 0.02054477501456729
12 0.479949579999793 0.6078782903070529 0.6879880012933833 0.025852285322507093
12 0.4304077215270244 0.6463039500362797 0.6407311477734312 0.027525269895618768
12 0.4682697482876011 0.5598184858491462 0.6825235006692526 0.04819412138667917
9 0.9773432947261073 0.41579861111111116 0.04531341054778551 0.13541666666666663
9 0.9873269453347578 0.5720486111111112 0.025346109330484267 0.13541666666666663
8 0.3319563827376328 0.49435763888888884 0.36440324721574724 0.02170138888888893
