9 0.36854198084468337 0.7459819030761718 0.1910651282926576 0.13262557983398438
5 0.11751932802453505 0.11365338802337646 0.07901463466407978 0.054990835189819336
10 0.5024087416387237 0.35779461860656736 0.854936069724834 0.303922176361084
10 0.5060252231834209 0.7493602371215821 0.8515547220685841 0.19558265686035156
6 0.24682779227737833 0.11439303874969482 0.17193230823077987 0.042814931869506835
1 0.5052159942356886 0.18304101943969728 0.16191951785467368 0.030075416564941407
9 0.7773313269150995 0.7294377136230469 0.17952502765486725 0.11004714965820313
4 0.8219987987417037 0.08684831142425536 0.21380107508296461 0.015404291152954101
2 0.506844336585661 0.8718614196777343 0.47467046416966263 0.014013671875
12 0.5022164268831237 0.5458341178522972 0.843667197438468 0.03249649818212515
12 0.24867160763360757 0.5207643127441407 0.33170514402136336 0.011951751708984375
12 0.5019272390720064 0.5883633613586425 0.8524763529279591 0.03284664154052734
12 0.31422582305638136 0.5655454635620117 0.4637106026168418 0.012498855590820312
4 0.19942822076578054 0.06942700624465942 0.21798319858787335 0.017471632957458495
4 0.8568381520499172 0.10724916458129882 0.14626454041067477 0.0141265869140625
12 0.22545247710911576 0.6399005126953125 0.28395969087043693 0.011495513916015625
2 0.5176927279582066 0.9029609680175781 0.1908330866720824 0.0120709228515625
12 0.3781186327638119 0.6162377829911645 0.5946828252566224 0.03037836441455901
4 0.8115439355900856 0.12875134944915773 0.23405572671805863 0.017938871383666993
2 0.5151838454525027 0.8853460311889648 0.7175438804964048 0.01739555358886719
