9 0.6959206119660408 0.7564207314085661 0.19547222506615422 0.1381979304001568
9 0.33770440624606224 0.7586973009794576 0.1945674034856981 0.1402299069760191
10 0.5612102385490172 0.3992584472099487 0.864143814579133 0.17118196911523662
12 0.16199393733855216 0.8603957555720854 0.07397305888514365 0.015324765491376853
12 0.5721813817178049 0.8038552435393208 0.041430910172001 0.01478004238080815
12 0.5880428437263735 0.8610781035646201 0.07122128394342238 0.014294405755594354
8 0.20852946619833668 0.2578626347784306 0.1737519787203881 0.01940383824138576
12 0.5560129965505292 0.20915335260476056 0.8696663148941532 0.04829363241163056
8 0.18391468294205204 0.5049281016994638 0.11977473843482231 0.01582136339037557
10 0.5585643768310546 0.5607301892549174 0.8626438263923891 0.05867364550669898
12 0.16387665041031377 0.917578911427897 0.07471483292118196 0.014032727092538484
12 0.14794835121400893 0.8891821483929588 0.048447209019814766 0.013663523553306727
12 0.14692739671276459 0.8328245678404719 0.04128213697864162 0.013848925669897377
12 0.20608369765743131 0.746216133491751 0.1586226555608934 0.015034065551061859
12 0.3568577920236895 0.13738440814828384 0.4514809885332662 0.015658832058531393
12 0.1460083192394626 0.8041410370047035 0.041221187960716985 0.014054928021664768
12 0.5719975871424521 0.8321477178836766 0.040726446336315524 0.013136477671572121
12 0.5880701618809855 0.9177984500828464 0.07362587221207158 0.014794170244797605
12 0.18891523422733428 0.7747571329706205 0.13039515095372353 0.016302093540657068
12 0.9451348581621724 0.2884396212674601 0.1013521255985383 0.014817554295538769
12 0.26435971413889237 0.11001498179941384 0.2833780104114163 0.015213865238829106
12 0.2754117535006615 0.7463068510814569 0.30031620148689514 0.016432584895239452
12 0.25830198718655495 0.6664525448528363 0.2637296615108367 0.015321564103477766
8 0.18428870785620904 0.6084179242089509 0.12015544522193171 0.01633320267958951
12 0.26474202063775837 0.6915898774341683 0.2816095167590726 0.01563397780519527
12 0.6715064264112904 0.7468053280559613 0.24649786180065525 0.01626771341843643
12 0.18484127290787236 0.6083257103183793 0.11864876285676033 0.015800380380558723
12 0.23353831383489795 0.7745528357058865 0.21892594368227067 0.016521249420966364
1 0.556228998655914 0.023003472222222224 0.2406642025089606 0.0234375
12 0.8810028841845878 0.05946180555555555 0.23452480958781366 0.0234375
12 0.6440223174283153 0.7747395833333333 0.19032118055555558 0.019965277777777714
12 0.5758750728901314 0.8880208504422424 0.04911514336917563 0.017361111111111285
