9 0.3988700739542644 0.7380262702351941 0.1977671559651693 0.15872572352658093
5 0.0942228921254476 0.07600106355559623 0.04132927576700847 0.037431199460010854
6 0.15866819381713868 0.07748252348693609 0.08372178395589193 0.02906980802003553
1 0.5071676127115885 0.16045827603121418 0.17409596761067708 0.036584476655932584
10 0.5016926256815593 0.7411629813058036 0.8888721720377604 0.22823732708572247
10 0.5016143035888672 0.28477731007267265 0.8911893717447916 0.20088415783323435
9 0.7875433095296224 0.7206244912403751 0.11858291625976562 0.1631504123832733
12 0.8346792348225912 0.0773716972821037 0.22032455444335938 0.01785392811226501
2 0.4935563532511393 0.9416243126945446 0.2948628997802734 0.01476858796485911
2 0.48208537469018964 0.9053934679743817 0.48429607490121285 0.015064644469814877
12 0.8379832458496094 0.05391288147372625 0.22113555908203125 0.01897803390322944
2 0.4967056832910684 0.9223540759898107 0.7260428826409691 0.01899185280656121
12 0.5000564236111111 0.40494791666666674 0.8676475694444444 0.0321180555555555
12 0.5028161168981482 0.4422743055555556 0.8731669560185186 0.03385416666666671
12 0.5028161168981481 0.47482638888888884 0.8753747106481481 0.027777777777777787
12 0.29473524305555554 0.49826388888888884 0.4592129629629629 0.019097222222222213
12 0.4956409143518518 0.5247395833333333 0.8654398148148148 0.03732638888888893
12 0.34275390625 0.5503472222222222 0.5640813078703704 0.015625
12 0.3686950231481481 0.5668402777777778 0.6137557870370369 0.017361111111111143
12 0.2086328125 0.5811631944444444 0.2870081018518519 0.011284722222222215
12 0.4978486689814815 0.6067708333333334 0.8632320601851852 0.03125
