9 0.6384649658203125 0.865266983597367 0.18745162963867187 0.13378261990017362
10 0.49734982967376706 0.4134019215901693 0.9778408813476562 0.27494628341109667
12 0.6244962882995606 0.18587427492494935 0.1146774673461914 0.021848636203342015
12 0.1816484260559082 0.8038435194227431 0.254309196472168 0.02147465458622685
12 0.17841794490814208 0.7756180657280817 0.24214384078979492 0.022355086715133102
8 0.09026695489883423 0.5595891034161603 0.11159748077392578 0.021013782642505786
12 0.13964789271354675 0.19135449020950884 0.25957651138305665 0.02668342590332031
12 0.4483614496358993 0.7069856714319294 0.7939126006824243 0.023207883481626126
12 0.626034927368164 0.21946659088134768 0.11685760498046875 0.023567383377640336
12 0.280233743825307 0.6128672564471206 0.45903192870070414 0.021676466200086807
1 0.42076701164245606 0.1169705108360008 0.3044717597961426 0.03367776517514829
12 0.4649670322982006 0.6401437830041958 0.8214556788166345 0.025567966037326396
4 0.5476034164428711 0.05972960083572953 0.18588829040527344 0.02530617184109158
12 0.6552611923217774 0.14955028957790797 0.1728752899169922 0.0246063232421875
12 0.4341849913461743 0.6726153338396982 0.7629950918647088 0.027707700376157315
12 0.2536428116520231 0.15422951733624468 0.47624616647561807 0.024822644834165204
12 0.6270398330688477 0.25598540129484953 0.11375663757324218 0.024787394205729164
12 0.34516086578369143 0.15352278108950013 0.29301765441894534 0.023380321926540798
12 0.2363168064016679 0.5843504337774735 0.37839795415770605 0.023068463360821734
12 0.10793917179107666 0.7466387713396991 0.11729300498962403 0.021449675383391202
4 0.1669921875 0.0842013888888889 0.071484375 0.022569444444444437
4 0.5923828125 0.08333333333333334 0.057421875000000074 0.02083333333333333
12 0.1640713882446289 0.22887077331542968 0.31264793395996093 0.024368483931929977
12 0.06328125 0.2612847222222222 0.1125 0.024305555555555535
12 0.0955078125 0.8993055555555556 0.169921875 0.017361111111111143
12 0.041015625 0.9210069444444444 0.05156249999999999 0.015625
12 0.5220703125 0.8771701388888888 0.104296875 0.01822916666666657
12 0.5115234375 0.8971354166666667 0.087890625 0.01822916666666657
12 0.5015625 0.9175347222222221 0.06328125 0.015625
12 0.18984375 0.8589409722222223 0.3515625 0.019965277777777714
