9 0.4805167770385742 0.21738363092595883 0.19017921447753905 0.13848607843572444
9 0.9474509811401367 0.5504828435724431 0.03885124206542969 0.10858775745738637
9 0.49576404571533206 0.3513522893732244 0.18044654846191407 0.12440274325284091
9 0.9504709625244141 0.6801248446377842 0.0301922607421875 0.10807450727982955
12 0.47259968169993466 0.7722535289417614 0.6575588891389175 0.22249012340198857
12 0.4770446968078613 0.6060810990767045 0.6542879486083985 0.09374922318892046
8 0.21956102371215822 0.5404918601296165 0.1289908218383789 0.017736982865767047
12 0.4703805563764336 0.4851116111061783 0.6668601079616074 0.021893144087357916
1 0.4643792724609375 0.12875683177601208 0.1255010986328125 0.024783144864169035
4 0.6901117134094238 0.0905457999489524 0.1205831527709961 0.015303206010298297
12 0.32419567805346255 0.4281588467684646 0.4093263764834807 0.0172275612571022
6 0.27295548069111414 0.0742340431981175 0.29559806823730467 0.04392484144731002
12 0.42621127280794047 0.5139383934863004 0.6194061058123415 0.020328402739646975
12 0.3841257667541504 0.3448472872647372 0.527515983581543 0.02099323619495739
12 0.37478298611111105 0.1792534722222222 0.5108506944444444 0.0234375
12 0.38552517361111116 0.21006944444444442 0.5180121527777778 0.02256944444444443
12 0.38134765625 0.23697916666666669 0.5168185763888888 0.020833333333333356
12 0.3819444444444444 0.2621527777777778 0.5251736111111112 0.020833333333333322
12 0.38134765624999994 0.37239583333333337 0.5239800347222221 0.020833333333333287
12 0.3837348090277778 0.40104166666666663 0.5239800347222222 0.017361111111111143
8 0.20874649047851562 0.8997024536132813 0.12431446075439453 0.0214752197265625
