9 0.33879700660705564 0.6822365141611756 0.20313581466674804 0.1662574720283142
6 0.23158980369567872 0.1326051285968693 0.17894739151000977 0.05421270955828386
5 0.09394797801971436 0.12946699058835343 0.08019329071044921 0.06965171320204445
10 0.5015074968338012 0.718144012642305 0.9157512664794922 0.25109984332186197
4 0.844698600769043 0.09850882687498981 0.22326820373535156 0.021726389269739202
10 0.5061215686798096 0.32684150966572617 0.9190612030029297 0.18194637418042145
1 0.5034762954711914 0.21401721102210822 0.12773788452148438 0.02940973907024726
9 0.8665941619873047 0.8475033116987702 0.19247146606445312 0.15571667505953157
12 0.19657592510701305 0.5638407028293809 0.2900198745727539 0.013847653701559237
2 0.51306412320066 0.9035543867839902 0.19295141973637633 0.018067170782228605
12 0.4985004699188642 0.4421607158875909 0.9048555413053689 0.03641129336426797
12 0.8332206344604492 0.1783682279646521 0.24532020568847657 0.020193796814856797
12 0.2915123376141716 0.470599769799345 0.49129529776360037 0.01709662897352883
12 0.9273595809936523 0.15061054747388355 0.056854934692382814 0.01846149420688446
4 0.3128844734037968 0.07438129472832093 0.5011456958462901 0.02006519214096546
12 0.36840489479194133 0.5448214664339776 0.6411000499749452 0.01456637770746347
12 0.37585643834843796 0.5269127927393901 0.6539521898224863 0.01412744064171776
12 0.495158649754362 0.5000612441280167 0.8915906379764275 0.03739347571301548
2 0.5041558159722223 0.9210069444444444 0.4698524305555556 0.015625
12 0.9350271267361111 0.12065972222222224 0.05093532986111114 0.01736111111111111
