9 0.39943852997286605 0.7472003348512254 0.18859227882067553 0.13084107227480243
12 0.4098445913053523 0.8097236434499813 0.466570783395255 0.10545545314836074
12 0.49164081727731795 0.41077944267748623 0.697063254964733 0.05692181290614486
8 0.19606725753756557 0.4590066928529475 0.10308536766664624 0.018348299504752242
12 0.494961744917396 0.6375169782544853 0.6942084893161587 0.04759845301820803
12 0.36692753885622553 0.09427424467103902 0.44056663904552656 0.018300593790464146
12 0.49538324479245227 0.695255838507788 0.6910865244983401 0.05080204271132546
12 0.4123212299795847 0.23067601141589467 0.48297233328304157 0.0180691438371022
8 0.2033096847580223 0.314677528925606 0.12993096470760881 0.018567671484541862
12 0.4939371130879413 0.5694423520348425 0.6972738759806879 0.07310893096208534
12 0.42206073915231784 0.4826615572688621 0.4910740596239439 0.019717979512628152
8 0.204906645494552 0.3702656429377136 0.12844764833789887 0.019236372760705896
12 0.48365844468719354 0.15125029253073607 0.6973778236034626 0.0798267362872437
12 0.485934868158169 0.2769274672907878 0.7000185057709717 0.04692378119493539
12 0.326753394173511 0.34035960266295784 0.3494048317153553 0.019516988474810443
12 0.4126716756504131 0.5113930814238706 0.4597110874910417 0.018787304186912643
9 0.9884775054692215 0.3211622340003938 0.023044989061557032 0.1079892334088664
8 0.25057583741560424 0.20678577317177152 0.2288903815960697 0.018672468926039888
