9 0.6367627671185662 0.7827590146158575 0.19684728285845587 0.14625130319717708
9 0.25989696727079503 0.7915229112088323 0.20122111600988052 0.14564095163467708
10 0.4758180236816406 0.3276377238199382 0.7560969094669118 0.1114664069600754
12 0.21647564158720128 0.15042996630901143 0.27723388671875 0.020790302416929533
1 0.4768963264016544 0.08351950731106146 0.2589506261488971 0.032990004488094124
12 0.227358102237477 0.7860550957933463 0.2806069407743566 0.020316875317445467
12 0.29836821612189796 0.5245736989330491 0.2783940393784467 0.022605510936831698
12 0.31605883430032167 0.48625910149566937 0.3291803337545956 0.019738216090141147
8 0.23313642614028032 0.2608444305237182 0.2866674086626838 0.018822662640678466
12 0.1843476329130285 0.8414485986871124 0.19140169031479778 0.019180337010131523
12 0.3429054080738741 0.41158347541802565 0.429976806640625 0.017130673084634302
12 0.22364200367647058 0.18590092720181847 0.2833859432444853 0.019489807181117674
12 0.29643539428710936 0.6351106642045151 0.30931414435891547 0.02066564763887404
12 0.40935029935569217 0.6713952292123336 0.5580213107555283 0.021255688956907593
12 0.30947557337143844 0.5607647532780421 0.3000776044060202 0.019660838757752354
12 0.6116945513556986 0.7791242379220354 0.2632956112132353 0.02589034055215462
12 0.4181951365751379 0.2345827557879498 0.6614191032858456 0.03777913011170739
12 0.7234723977481617 0.11112236956228447 0.18101519416360298 0.01727042349104804
12 0.3577212165383732 0.3693206369417972 0.4900128173828125 0.018336469847693007
12 0.34322661356209155 0.5985243055555556 0.4142595996732026 0.021701388888888857
8 0.19877297794117652 0.45052083333333337 0.132515318627451 0.017361111111111143
12 0.23399101307189543 0.7486979166666665 0.2889072712418301 0.021701388888889
12 0.62437397875817 0.7482638888888888 0.2865196078431373 0.022569444444444572
12 0.5945281862745098 0.84375 0.2196650326797385 0.029513888888888857
