9 0.9709811580882354 0.7680692082103995 0.05451171875 0.12905216340948464
12 0.7260652968462776 0.03527197377306912 0.3138670797909007 0.025575195880822153
1 0.4885468965418198 0.19718680664696908 0.3619786161534926 0.10033940463522492
9 0.9714020852481617 0.38689561714182275 0.053185029871323536 0.1251850879879006
12 0.5200493666704964 0.8392298034694403 0.3230591538373162 0.02345145693482027
12 0.5057319192325368 0.7635121632572271 0.25980454388786767 0.024874324146004764
12 0.5027187751321232 0.7256203011652772 0.3332656321806066 0.02658901817615851
9 0.9913318948184744 0.5108371898176971 0.017336210363051472 0.09857021776201819
12 0.5145518403894761 0.8031021455192318 0.476523042566636 0.020924564459046124
12 0.5744466804055607 0.8751848500856024 0.43005468031939337 0.028950436386828714
