12 0.5186823992133727 0.14973958333333334 0.7595870206489675 0.054687500000000035
8 0.2120206489675516 0.1918402777777778 0.0970993117010816 0.017361111111111143
12 0.5180678466076697 0.24522569444444448 0.7608161258603736 0.07378472222222221
12 0.5217551622418879 0.3506944444444444 0.7608161258603736 0.1111111111111111
12 0.5168387413962635 0.43489583333333337 0.7608161258603735 0.03645833333333329
12 0.5174532940019665 0.48697916666666674 0.7571288102261553 0.03472222222222222
12 0.49471484759095374 0.5203993055555556 0.6674041297935102 0.018229166666666644
12 0.25688298918387414 0.5451388888888888 0.18436578171091447 0.019097222222222213
12 0.2605703048180924 0.5711805555555556 0.18928220255653883 0.017361111111111143
12 0.33185840707964603 0.5911458333333333 0.3220255653883973 0.01736111111111107
12 0.2783923303834808 0.6163194444444444 0.22000983284169118 0.017361111111111143
9 0.3404621435594887 0.7057291666666667 0.21386430678466073 0.15451388888888892
9 0.6624876892272331 0.6766493055555549 0.18682403157503175 0.13628472222222202
10 0.5254424778761062 0.7044270833333333 0.7239429695181908 0.1519097222222222
