9 0.8545261001586915 0.2874421500485693 0.17809516906738282 0.1408631152904497
5 0.14972315788269042 0.07639406595129007 0.07595941543579102 0.05088185758557
10 0.49815143191513805 0.5303084033116855 0.8549651224673276 0.6303289298876433
4 0.7697172737121583 0.05788967550432725 0.31878276824951174 0.015662243846448487
9 0.6608326721191407 0.89167780252733 0.18832565307617188 0.10961072941972173
4 0.25668127059936524 0.020329584081265614 0.42873588562011716 0.014822016335207666
4 0.7286513900756836 0.03412069701474463 0.23509620666503905 0.01883339797650125
12 0.2865894794464111 0.17237625526455183 0.3977358627319336 0.02253584305726176
6 0.2686395263671875 0.07824557071861024 0.16522735595703125 0.03850465781275881
12 0.23393027305603029 0.13473310571677272 0.2935851287841797 0.019773193467210966
2 0.491373348236084 0.9164317100713615 0.15958057403564452 0.01436536809159673
4 0.6754826927185058 0.07819229301210005 0.13243762969970704 0.013930984604906278
2 0.4967322478715115 0.9320305598498233 0.7444050475008356 0.017710978909010598
4 0.7654160308837891 0.10029315274511547 0.31461273193359374 0.016035565217897663
