9 0.43629743576049806 0.7858872773986709 0.18478137969970704 0.13052502248324913
9 0.7293827438354492 0.7959313685948483 0.17040031433105468 0.13157999745990773
9 0.9585990905761719 0.5530300844323237 0.06749740600585938 0.12772657665929812
10 0.5314460563659668 0.32463159544396697 0.7099002838134766 0.15805482780577218
9 0.9423031616210937 0.6981214312132716 0.06610397338867187 0.12820026954154767
12 0.3398116493225098 0.14044173363013512 0.3549445343017578 0.017253104747913004
12 0.3614169502258301 0.19356687710029585 0.36296504974365235 0.017831745382352538
12 0.44170886993408204 0.6912641206818432 0.547248306274414 0.019173942257524165
12 0.736226806640625 0.1374865097823587 0.2913014221191406 0.019999566103326833
12 0.5372461387939553 0.645427361077241 0.7375179810180861 0.03973045243100828
12 0.3619277000427246 0.2343151716021117 0.34490474700927737 0.01730899106848638
12 0.34763771057128906 0.16603677679239548 0.3652667236328125 0.017567438484285755
12 0.5640640068054199 0.5095282690386781 0.662669677734375 0.020866568352509884
12 0.5467633103341666 0.5899745357895563 0.7620416738568144 0.03739701255972646
12 0.3396773338317871 0.43769149914357697 0.3326932144165039 0.016105075293140377
12 0.7020500183105469 0.8454670294307448 0.23928497314453126 0.14955393920254834
12 0.5378440284729004 0.48111707422561506 0.7165744018554687 0.03385691986352153
1 0.5322280883789062 0.08892978809001367 0.1740045166015625 0.021352603691114483
12 0.7400996398925781 0.1621270473057859 0.299385986328125 0.01739038021577054
12 0.5252262941166792 0.5481392355281338 0.7156076812744141 0.025111404472268103
12 0.3525379774305556 0.8511284722222223 0.33463324652777776 0.1449652777777777
