9 0.3755973815917969 0.19099310622580798 0.18762883803423713 0.14130082756164736
9 0.6432007015452664 0.54024630183521 0.1905083510454963 0.13509752513940018
9 0.7466372860179229 0.16744145938151322 0.1795672248391544 0.13931130351004223
12 0.6770399744370406 0.29080194908594764 0.35297413545496326 0.10315657756503085
9 0.9709088852826286 0.48730257281290607 0.053421630859375 0.14208614304758554
12 0.2555908382640165 0.09348233678527805 0.12474871467141545 0.02109862303207219
12 0.26164023006663606 0.3734899151629832 0.2167249253216912 0.02807434795738144
12 0.719653876809513 0.1701988527505312 0.4385996740004596 0.0664425301004561
12 0.5186448400160846 0.47338790530092845 0.6798263729319853 0.040619279771410784
12 0.31873323328354775 0.16031637807179447 0.33019495346966904 0.04695611146684847
12 0.6398546824735754 0.37261649652599205 0.21192853142233456 0.03313246801747239
12 0.31262944838579965 0.24686972121234166 0.32422399184283096 0.024357098116405913
12 0.285779006060432 0.6009652066303054 0.21209540872012866 0.025228005562472934
12 0.497227783203125 0.5236530394820539 0.637799862132353 0.025757311742096146
12 0.7869778980928309 0.16250133886126636 0.2864132869944853 0.04588719000801889
12 0.2953454350490196 0.5733506944444444 0.23698376225490203 0.028645833333333356
