9 0.9619266144709085 0.3606027228647172 0.05867078652374411 0.1274500807670698
8 0.21851657286543677 0.84013192512129 0.14174608982152057 0.02030714897260274
8 0.25500313416006426 0.5752013219545965 0.1994333312125932 0.018091384678670806
9 0.9755047808636675 0.5741090818082906 0.0352783203125 0.10390552538170664
7 0.5013640686705871 0.9263291380721139 0.10391244933219682 0.01728709321043807
8 0.21702253500371 0.7968920703347959 0.13493730434256035 0.01848905380458048
12 0.5037206892315971 0.22229451567070668 0.7008460028392366 0.046873711015535814
12 0.5083387605436556 0.7174891293321026 0.7119041933931024 0.03892572829712471
12 0.498641971802882 0.8616733289744759 0.5850486974208952 0.02175255344338613
8 0.2338413136720283 0.3983585409922143 0.1511401261789271 0.018597990410512986
12 0.7777762180969142 0.9265610507634132 0.13182223573022958 0.01899029457405822
8 0.27713579210793393 0.6850540300482484 0.24467101763331534 0.018374438699521975
12 0.5062648587548754 0.3196354966570149 0.7094146393157628 0.1356176978057715
8 0.2228512187580486 0.8852623020677263 0.14826583263451112 0.01748469104505565
12 0.24526118783037554 0.9071950694741724 0.18918122152331485 0.017513048703267694
12 0.5084148748328959 0.7653109406771726 0.7116339906605671 0.043854944237835335
1 0.5053293776100434 0.11275797891834555 0.6704083357351354 0.05887320705744774
12 0.3785131460099774 0.8186475501212898 0.3411074119574299 0.017884833627639832
12 0.3165144728901312 0.6403299967447915 0.33256787071048366 0.01981928577161815
12 0.5066534832331832 0.5412802784383373 0.7198324398118623 0.03309328262120077
12 0.671350859397996 0.03307216461390665 0.28742887535873723 0.031239074114795144
12 0.219218195701132 0.8851663249812713 0.14248170957460507 0.01690980397402968
12 0.40023594246501487 0.16996407182249307 0.49619378518727797 0.04259304586610838
12 0.5091154011819589 0.6082942626274535 0.7156608258162038 0.04448180873644406
12 0.5038902511448385 0.4785183588079102 0.7196339078750491 0.08334845277272401
12 0.3079866562009419 0.6623263888888888 0.31992412349555205 0.019097222222222144
8 0.27949309536201805 0.7081745443823131 0.21671207733393838 0.02238262298444635
6 0.2429274594453166 0.047309027777777776 0.08953100470957615 0.0234375
5 0.16831828885400313 0.042534722222222224 0.05252485609628468 0.03472222222222223
12 0.4428800421024184 0.42013882900770666 0.5897108843537415 0.019097222222222213
