9 0.5086410698488255 0.6237948173928629 0.18829427231566864 0.12418146934967304
9 0.7117142251714764 0.7430193788191466 0.19245874512608155 0.13521872989922812
9 0.9329314796433857 0.5263606442799904 0.13170156380445508 0.1310842523852916
9 0.9542713269509905 0.8829885911368995 0.09106600957707195 0.13540843093374785
12 0.4855039095111377 0.48306994168263556 0.3969914077916287 0.02251511536167989
9 0.9264438909404409 0.2834953452056309 0.1471122181191181 0.13332821042828044
1 0.499431135296894 0.23974504683479844 0.4932938409560944 0.11343509418886684
12 0.44418081111016233 0.5575500802355812 0.31134993015236034 0.0231922077682783
12 0.5015332720535918 0.5207497807759568 0.44145750174322634 0.023830983078500213
12 0.4937476444776041 0.6706098029789344 0.37173992682537876 0.022849657114333163
12 0.47817745999565814 0.7451646389315101 0.33634364534897393 0.033147795531598384
12 0.48898787924066484 0.7060901517524524 0.36648783773527627 0.021677373817404585
