9 0.8449679499508617 0.6620059757796019 0.21788100517689807 0.18638964946762923
12 0.22059207707832848 0.09006063646405055 0.12378466750342479 0.021105118441682325
12 0.23420634869547627 0.11723160240720595 0.1627900100572288 0.020730642326773473
12 0.5115981241344951 0.20158392668776373 0.8388419048304478 0.10934609199878033
12 0.37920198355726853 0.05724507343919972 0.4463101960197943 0.02435723638735743
12 0.5114861552566857 0.2936657289915447 0.8400546198727367 0.056086029181500525
10 0.5094647340883597 0.48114441819331816 0.8775298180392312 0.18151578621522282
12 0.21265739043452692 0.14579962074505126 0.12821281849959298 0.02179935310460344
8 0.23714079608456756 0.3510799166522448 0.2374164818808569 0.021875566571070676
12 0.4379942820063086 0.377848983313967 0.6547219495761197 0.024885346617879747
12 0.5062738391919844 0.6966137463533425 0.9083380693098791 0.08238200899920885
12 0.2279492321280997 0.034876326468423445 0.155854851651222 0.02035110811643963
9 0.5320173600425863 0.7664757635236991 0.2235821696066947 0.18829115034974397
12 0.47650091105828324 0.9302589654575775 0.9481400486171782 0.13179666127728748
8 0.2312732778934542 0.03486854014014393 0.15584218123362056 0.021794335248601086
12 0.48448427750467504 0.8293996561428665 0.9423790898983482 0.05185889392965454
12 0.419687283236008 0.7825310300674118 0.7229404861469584 0.02698655269316983
10 0.5075635800973585 0.6062512619082938 0.8812774696980226 0.06034883265756856
