10 0.5071819515228272 0.7908882938214202 0.955877685546875 0.23918397818038714
9 0.34221908569335935 0.7584786486269823 0.214911865234375 0.16001477597364736
5 0.09907039260864257 0.04891743161785069 0.08393291473388671 0.06050501012090427
10 0.5019158935546875 0.28467357123076026 0.90425048828125 0.28275264910797576
6 0.23546147155761715 0.052472591400146484 0.18179159545898435 0.04651731519556757
4 0.8331235046386719 0.030395167621214 0.21684881591796878 0.018165659548631356
1 0.5047749938964844 0.12790178896775886 0.1726204223632813 0.03282160972481343
12 0.4975971069335937 0.5172889823344217 0.9113215332031249 0.03282069875233209
4 0.8249482116699218 0.07422000258716185 0.2413307495117188 0.017580482141295477
2 0.5139533920288085 0.9575543303987873 0.9156611328125 0.020524756588152986
4 0.8749300537109375 0.052189815578176015 0.1358651123046875 0.015622022258701608
12 0.49287942195729495 0.44677096694263 0.8991733870664453 0.03253966374183763
12 0.4950678253173826 0.5661085975790301 0.9110222167968746 0.030088252469161622
4 0.18366811370849606 0.005284311522298785 0.22941804504394528 0.01056862304459757
12 0.3563377803956314 0.6072654610249534 0.6362294921875 0.01575927734375
2 0.48663119576603664 0.9384284631529848 0.5071852403038651 0.017322141732742533
12 0.2780485610961914 0.5391910609914295 0.46705578613281257 0.015623314700909517
12 0.49633577598338746 0.47703117330495465 0.9051321959398837 0.03454150696004804
12 0.1650094985961914 0.6591720581054688 0.2537236328125 0.014553468618819962
12 0.4960572157545557 0.6399848447003574 0.9110138226834279 0.020314838654445985
12 0.4036284722222222 0.5902777777777778 0.7235069444444444 0.015625
12 0.1913454861111111 0.6236979166666667 0.31057291666666664 0.013020833333333356
