9 0.36329387955394593 0.6636507486559681 0.1888240828047064 0.1328339462018095
9 0.5143323204105106 0.4343293835617013 0.18999509799869635 0.1502953755486872
12 0.5144874642825016 0.30954270510329424 0.8422523496773746 0.05182571673311321
4 0.20887343050346693 0.055462414456396984 0.2558977157057701 0.022284897741992857
12 0.37836537037968343 0.4275816548849873 0.5039628665363652 0.024974335697539103
8 0.1729377737356645 0.18689279457957472 0.1709821302051844 0.023422005250281895
12 0.5099848017294721 0.2444757546755866 0.8474468706308571 0.06541948875610772
8 0.21165184934309345 0.10115003749676996 0.17408344679328522 0.024238068623231447
12 0.3757186753386888 0.6987950812566431 0.4722961292387354 0.025418392476243713
12 0.3934337057830921 0.5333008913649726 0.5259518237038996 0.02330530959715958
12 0.30668474079764024 0.8426103886869764 0.3437808496920345 0.024687200067788875
4 0.7447870662739949 0.062133181136088685 0.25657556019498184 0.023754929349184856
12 0.20022717698453557 0.663150590719636 0.1366218834430736 0.02135055909042096
12 0.44937707553160955 0.15333182616953356 0.6336228061096018 0.02178182458153659
8 0.3103335348649738 0.12803819444444445 0.3640920999596936 0.0234375
12 0.37325549173720274 0.46354166666666674 0.4777181580008061 0.0225694444444445
12 0.3860842402257154 0.5008680555555556 0.5009320838371625 0.02430555555555557
12 0.33965638855300284 0.7339409722222223 0.40318923821039904 0.019965277777777714
12 0.33965638855300284 0.7708333333333335 0.41051995163240634 0.017361111111111
12 0.29750478637646105 0.8068576388888888 0.3286603184199919 0.01822916666666657
12 0.3640920999596936 0.6263020833333333 0.45206066102378073 0.019965277777777787
