9 0.7623975569379623 0.19933972569602465 0.22294755415482956 0.15533837377060578
12 0.39799638778444324 0.7498742425583198 0.6383511541897773 0.029384971050768607
12 0.4204149782915652 0.7027998083746293 0.6801039570509785 0.03101902769350054
12 0.49293356230764673 0.2770262865315492 0.8105385079872385 0.12019035396966862
12 0.49773997077006116 0.1696966062214511 0.705598200898494 0.03206082275127259
1 0.5003101648908319 0.049175051431471335 0.5242592539004375 0.05340094705229821
12 0.4935013356834951 0.4998380955240358 0.8220223651131853 0.07650720623061623
8 0.21755410066414704 0.3816138373480903 0.25061475525342713 0.028351686018827534
12 0.4902646118428284 0.5825627068742837 0.8254060731477724 0.06548278874435343
12 0.4579772068480565 0.6548643307649844 0.7739895466946248 0.03350382355295982
12 0.4270863058247092 0.4305760652116202 0.6597927693508748 0.030943573228492446
12 0.2708080891750936 0.8022489249384777 0.3913816862120085 0.02956866909385113
12 0.26362039585306185 0.1024386828771301 0.22374686809501262 0.02982909728279649
12 0.48942557661048264 0.8917383813292207 0.8380627212414322 0.1304153393001618
