9 0.34207564036051435 0.6797957380847818 0.1866259002685547 0.1319947733681583
10 0.513506711324056 0.7422497269669934 0.7576258341471355 0.16401258841068786
10 0.5168939463297526 0.3041048309506749 0.7641507466634114 0.12305008927745932
6 0.3071329625447591 0.08858051864353157 0.15035692850748697 0.03528923170101008
5 0.19510404586791993 0.08689552397417598 0.06586785634358724 0.04954643023789987
1 0.511659901936849 0.16065318542119314 0.19206797281901042 0.02724846834261742
12 0.8335014851888021 0.1680001975516596 0.1196624755859375 0.014304563985068417
12 0.638236083984375 0.2066546648917114 0.09581197102864585 0.014608728532960429
12 0.2913893254597982 0.18575830403164292 0.3174731953938802 0.01609231621556028
9 0.6689135487874348 0.6948034162352071 0.1958586120605469 0.11592446953587278
12 0.5152064641316731 0.6253576515694342 0.7476069132486978 0.034503354405510354
4 0.7371064503987631 0.051387610802283656 0.21564580281575518 0.01791884743955714
4 0.7848372904459636 0.0726811177631807 0.31335988362630207 0.015094784166685929
12 0.36345015777970757 0.49395353626790184 0.4499469811670157 0.013262722760262554
12 0.5197315874898164 0.5376883166264268 0.7524603057613966 0.06365976125765989
4 0.6899977874755859 0.09224963216386603 0.12550064086914062 0.013098839754183618
12 0.2916531499226888 0.22146420450605583 0.3210167185465495 0.01559267664802145
12 0.5231818512097581 0.46968967497303915 0.7677608754206504 0.03427809330928457
4 0.30024969736735024 0.033299493507520685 0.42782297770182287 0.014650426108456223
2 0.4786208470662434 0.8729859481901812 0.2795313771565755 0.012881451668823964
4 0.796794713338216 0.13616885123168224 0.20130335489908854 0.012932257116193602
4 0.7095272482169516 0.11167818329037998 0.16491071795083037 0.013189787554317677
12 0.44438295717592596 0.5815972222222223 0.6051432291666666 0.019097222222222213
12 0.2872902199074074 0.5993923611111112 0.2860677083333333 0.0147569444444445
12 0.5207899305555556 0.4344618055555556 0.7677372685185186 0.035590277777777714
12 0.5140661168981481 0.40017361111111116 0.7469545717592593 0.03472222222222222
12 0.626537181712963 0.18663194444444448 0.06723813657407404 0.015625
2 0.5122323495370371 0.88671875 0.7432870370370371 0.018229166666666855
