1 0.5081656250772596 0.3205400547955428 0.3672650494152986 0.04676998541978543
12 0.5128668773023388 0.8872507496168377 0.35105210316332086 0.025854262457228397
12 0.3991398509544662 0.515111030728721 0.3838025588023511 0.023761767759124607
12 0.5059185028076172 0.5884848084244458 0.6028796328773981 0.02411328988228899
12 0.5106296539306641 0.5534770651219882 0.6076894349689725 0.023298617608532933
12 0.5089415296723572 0.7369846662701383 0.5960922241210938 0.02682650881273168
12 0.20236740233022957 0.13028451415389086 0.08381535735311388 0.023208404967408933
9 0.985418633569645 0.842420975571179 0.02848033663592761 0.10294157778193613
9 0.9908708017083663 0.14465971186115492 0.01691427110116693 0.07747555078180692
12 0.36635381735335953 0.6624007147535288 0.3160983172651893 0.024935759062232728
12 0.45013451878028576 0.7003872765072533 0.48940972436832475 0.021640939660856853
12 0.3021361918389043 0.6269034545306709 0.1795010144197488 0.025234617261013684
