9 0.23635066223144535 0.7065783877705418 0.17717416381835938 0.128511251405228
10 0.4756442756652832 0.7537123436151549 0.8307431640625 0.19161415100097656
5 0.0993327980041504 0.08407356572705646 0.07308321380615235 0.057804950447969655
6 0.22259292602539063 0.08447396755218506 0.1651861572265625 0.04550179215364678
9 0.7028529663085937 0.7097738842631496 0.189402099609375 0.13505154986714207
10 0.473924518585205 0.32610162468843684 0.8295423583984375 0.1894389085991438
10 0.4779260482788086 0.19826767056487327 0.832613037109375 0.06330472369526707
4 0.7814918212890625 0.05772139028061268 0.20918298339843747 0.01866100555242494
4 0.8159755859375 0.10257489736690076 0.144733154296875 0.017884753471197085
12 0.46512765884399415 0.5237699109454488 0.8138737182617187 0.033356866171193676
4 0.774070831298828 0.12232901329217954 0.22823907470703125 0.017386436462402344
12 0.47271035385131804 0.4516634660864959 0.8180023803710932 0.045350861502796824
12 0.4657083239739792 0.5898652396707039 0.8154680175781244 0.07686617087873152
12 0.2858458390415837 0.5440274947794739 0.4574169837987646 0.01735342965126276
4 0.8191258239746094 0.0795507403307183 0.13567437744140626 0.01632318385811739
1 0.47598611111111105 0.14930555555555555 0.12063888888888882 0.02951388888888889
12 0.46045833333333336 0.4891493055555556 0.803861111111111 0.03211805555555557
2 0.4795694444444444 0.8615451388888888 0.1803611111111111 0.01475694444444457
2 0.46941666666666665 0.87890625 0.4323888888888888 0.021701388888888857
