9 0.9584293746948243 0.3061923157654381 0.08314125061035156 0.15117891465521663
10 0.4930203628540039 0.5029199539384968 0.7441213989257812 0.26971927950574576
12 0.3054310131072998 0.9345008893039839 0.4426122665405273 0.026658908063877815
1 0.5055734063738455 0.07073794252205967 0.4627398678553351 0.0758724677853468
12 0.27109782218933104 0.16024154033267252 0.2606728744506836 0.03541595000934422
12 0.28256815910339356 0.23232972107506156 0.28753997802734377 0.020351961003459193
12 0.36212017059326174 0.8933279241450955 0.5459242248535157 0.02397851425085014
12 0.4022960631738712 0.8567567578399827 0.6279603323719125 0.024928051803617478
12 0.3806313133239746 0.782837314856209 0.4955056381225586 0.026386769135494842
12 0.401999454498291 0.8205679487332169 0.5876661682128906 0.023945878191692072
12 0.49846360206604 0.27128140161453446 0.7163292694091797 0.045999666539634144
12 0.3750590229034424 0.3447904604684568 0.4467375946044922 0.019561252271927766
12 0.39198957443237303 0.713186238988479 0.549716567993164 0.02290158155487805
12 0.2768127918243408 0.20240276973645635 0.2688149833679199 0.030113349041393057
12 0.2853991413116455 0.6792374945492056 0.34363739013671873 0.022531877986485694
10 0.759815559387207 0.18785221894283904 0.21767555236816405 0.06998334816651765
12 0.4028799629211426 0.7466562353424014 0.5601089477539063 0.02873370258266885
12 0.2651063823699951 0.31053910246485844 0.2555573654174805 0.02024280197401208
12 0.47818492889404296 0.5627055499164517 0.7653076934814453 0.06720680680552299
