9 0.8347210299584173 0.11881848099294247 0.18050615864415323 0.12738157161421215
1 0.4987657854633946 0.4671408850083737 0.5767172536542339 0.06610719861299173
9 0.5496723790322581 0.828014204140536 0.1810602003528226 0.12620469618550456
1 0.4970417761033581 0.21914196993089455 0.6731039231823337 0.038824988335812785
12 0.4580768216040827 0.7857005207405394 0.34285150343371984 0.022907531111922744
12 0.4633632290747858 0.7146442548171145 0.35512326148248485 0.02368240617428022
12 0.4593613655336442 0.7509590592596388 0.3498010450793851 0.021894639818807012
12 0.46671686480122226 0.8216768480081242 0.36935341127457155 0.021619390054874576
12 0.4536496485474785 0.8568834502721465 0.3348644472020637 0.022807870514716364
12 0.7412291003811744 0.1225915950135739 0.23801023421748993 0.02346411153691117
12 0.5886192813996345 0.8227040063560076 0.26924719041393647 0.023645590213440707
