9 0.42509957885742183 0.603595826417762 0.18561370849609374 0.1310993243696352
9 0.7491807861328124 0.6653751051306555 0.19313720703125 0.13310658641809728
12 0.5412342529296875 0.3260891522801826 0.66759423828125 0.06171350656490299
12 0.5398637390136719 0.24056687034421387 0.6662741088867188 0.07312345709411883
12 0.5383245239257812 0.15020616610503845 0.6651219482421875 0.07393928931676949
12 0.5411249847412108 0.4683417018732117 0.6484573974609374 0.024258025555481046
12 0.7041219177246093 0.8191726531764129 0.21584051513671876 0.01976281685890558
12 0.31478546142578123 0.8184991708299805 0.21114056396484376 0.019545744758136623
12 0.7266231384277344 0.7116290353057382 0.28767071533203126 0.07392523114773338
12 0.4486648254394532 0.7776198489471569 0.5077451782226563 0.044267165984889126
8 0.34294924926757814 0.3971121028086999 0.26845587158203127 0.025548844890021457
12 0.5477342834472657 0.43156086017133855 0.6445401611328125 0.02813065819474249
12 0.4085303497314453 0.5057027050012853 0.40480389404296874 0.02536394940595941
12 0.3791719763280109 0.618336209582327 0.34945424318336565 0.04551336591335831
12 0.529334487915039 0.3068979287863801 0.6837109375 0.026527110087513416
12 0.7336171140680474 0.6166798560233926 0.2864376468639077 0.040885739742600985
12 0.31976822916666664 0.71484375 0.22693229166666665 0.07378472222222228
