9 0.24213616371154786 0.8446135658994813 0.20243274688720703 0.17582508928260718
9 0.6121168136596681 0.8389135755781076 0.19999732971191406 0.17612020581761553
12 0.28984124660491944 0.15741163054128532 0.49477935791015626 0.025353803401003967
12 0.8158052825927734 0.15756879776782606 0.26012496948242186 0.023802623451419824
12 0.7111583137512207 0.18926423376546403 0.18227092742919923 0.027161647057480164
12 0.6109137344360351 0.9376731141903883 0.15132835388183594 0.02339495210711303
1 0.4999909973144531 0.43913870558706847 0.4398442077636719 0.12903042731678036
12 0.24310552597045898 0.9435686481025543 0.15151935577392578 0.02143706935551225
9 0.9947568130493164 0.9279267580843715 0.010486373901367188 0.14414648383125697
5 0.07884179830551147 0.02464267565041183 0.03369690418243408 0.025245658007921244
1 0.5050028800964356 0.565570533939353 0.37782764434814453 0.1065295586872738
5 0.9403656768798828 0.11728988086725928 0.03703369140625 0.03195281336727015
12 0.13835586743334288 0.9194995634948555 0.1908093491550157 0.022724924745963233
9 0.9954313278198242 0.4474938951250174 0.009137344360351563 0.11627339998173024
12 0.35702885772033816 0.8620631019861407 0.6221418380737305 0.09021132029510022
