10 0.5154048665364583 0.8022793955147549 0.7304264322916667 0.19516273245427282
1 0.481572748819987 0.14368966179436415 0.21461247762044272 0.03146478915101544
9 0.40386807759602866 0.7586983052475194 0.18504053751627605 0.13134664381849823
9 0.9691299947102864 0.5298264128336975 0.05995452880859375 0.12475202659860042
5 0.1705005137125651 0.07224710744704116 0.06026555379231771 0.045468380100919165
9 0.9753873697916667 0.34009278103073626 0.049225260416666666 0.1250504588628832
9 0.7143362172444663 0.715458259763311 0.20073094685872395 0.12140319245686464
10 0.5105689493815104 0.3230837058117039 0.735919189453125 0.08954913243298282
4 0.6953842163085937 0.08189118642942601 0.17771769205729165 0.014960835895267144
2 0.5001730982462566 0.934849490486615 0.7129047648111979 0.016290239813203496
6 0.27540833155314126 0.07266281227364925 0.13752363840738932 0.03402654367600572
4 0.7312215677897136 0.11526979654321172 0.2247121175130208 0.015771413866377555
4 0.7267744191487631 0.017661848339424316 0.2389837137858073 0.01844122511515685
4 0.6729449208577474 0.061019321188542516 0.13158737182617186 0.01365608739626916
12 0.5572344970703125 0.22674634671324234 0.10571207682291667 0.019623236633590047
12 0.7660122680664062 0.14611881491132256 0.13205881754557292 0.014865965639810429
2 0.49912470988077723 0.9209104058866798 0.2818974715144865 0.013746288715380606
4 0.7470684051513672 0.03947759691572868 0.2791448465983073 0.01447707442875722
12 0.22023511250813804 0.22815469316961642 0.1607275390625 0.017996729267716973
12 0.12950194358825684 0.021086644787359013 0.18599667867024738 0.017354107581043696
12 0.3022046279907227 0.19041745696587586 0.32832778930664064 0.019562653455689055
8 0.32786284128824866 0.676330132507035 0.3252630869547526 0.015960259460159953
12 0.5024552704745995 0.41539426563630827 0.6920535958102418 0.052503138093866815
12 0.3113002395629883 0.26469169182800006 0.33646525065104166 0.015759816101942017
12 0.32539251963297533 0.6760333454439426 0.33326944986979173 0.016068300364706755
12 0.5037086741129557 0.48056836602812125 0.6826738484700521 0.03506505884830421
12 0.4070759777880834 0.5073773894829765 0.48909623371419675 0.01618765880711272
12 0.5525884755452474 0.18960445639081477 0.11037419637044271 0.01958337214320757
4 0.13035698572794596 0.020952363714787633 0.18312611897786457 0.01727253565856066
12 0.4165360768636068 0.618922879910582 0.46939478556315106 0.014914706984967416
8 0.2243429120381673 0.6030580240403307 0.11608875274658204 0.01480446042607746
12 0.510539919535319 0.6480672935192827 0.6931686401367186 0.03765041105367109
12 0.5060831324259439 0.5683464122609504 0.6815147908528645 0.06087378190027029
8 0.25991662026524953 0.5282765971540837 0.18871942522288193 0.015270070442091215
8 0.3337126265254248 0.45275913256604355 0.3411616981598992 0.015951256051447697
12 0.582927474975586 0.5261811893698164 0.4566015625 0.014325905750148105
