9 0.6579679912990994 0.6948207850634119 0.1420456568400065 0.1992335497400534
9 0.264858709441291 0.7081056083008987 0.15204008420308432 0.21052979103207728
10 0.48369376858075414 0.3831858210041838 0.9249425464206262 0.36984984533314536
12 0.6035779847039117 0.76449408686118 0.09943072001139325 0.02668382114451715
1 0.4935319556130303 0.0953818480747558 0.22065430217319065 0.0466940382901225
12 0.7018484009636774 0.6973391095653768 0.17115190294053823 0.023748698504249398
12 0.65252865685357 0.7647773751856761 0.19489765167236328 0.0268838930646435
12 0.756591796875 0.6976121886399105 0.06316089630126953 0.02347973250883724
12 0.6085979408688016 0.7113114596847737 0.10578287972344294 0.025803475316824608
12 0.14307972457673815 0.7646662486015531 0.17478297816382515 0.026897848154520156
12 0.6840719730273976 0.6531685692595501 0.24800500261463962 0.02738399941711789
12 0.19596717092725968 0.6549416001523015 0.28508181042141384 0.02635484826263538
12 0.18910499855324076 0.5911458333333333 0.3143400969328704 0.01736111111111107
12 0.15090829354745372 0.7196180555555555 0.18910499855324076 0.05208333333333329
12 0.14464653862847224 0.17317708333333337 0.23043258101851855 0.02690972222222225
12 0.8306217900028935 0.1775173611111111 0.1809647171585648 0.026909722222222213
4 0.8397013346354167 0.0646701388888889 0.0500940393518519 0.019965277777777776
