10 0.47383269557246455 0.7710346559831911 0.7830017466603973 0.2549364869597118
9 0.33262595423945673 0.6658725799593117 0.1966425813274619 0.1418588611842983
10 0.5140611914398301 0.30879087672346023 0.7828161451551641 0.15753755192873709
5 0.2000206782494062 0.05723533304676556 0.07411779003378785 0.05295583914285536
12 0.4870174115960592 0.44840294883145615 0.705768569190925 0.03846231309115574
12 0.38649184615523724 0.478955736027965 0.4956869431483893 0.014838773387473319
12 0.47853314750290254 0.5237521724248034 0.7079515040890628 0.07630973233676798
4 0.7444221119821808 0.03385637053303428 0.27008706552010997 0.016702096261235158
9 0.7194715664710527 0.6629169020352522 0.1250613648214458 0.12969456105756402
6 0.32529159828468607 0.06267539872176618 0.16862379474404418 0.04455003768937183
12 0.44619494308660057 0.611553375341849 0.6817857718762056 0.02012622878034952
11 0.30651920841822944 0.2277460027438744 0.34141375171467714 0.01994432604990415
1 0.5177690168467078 0.1467013888888889 0.20961800197187927 0.032986111111111126
4 0.7920296960733881 0.05946180555555555 0.33388256601508914 0.0234375
4 0.6960070784036351 0.07986111111111112 0.14434772590877912 0.017361111111111126
4 0.6997726712534293 0.10069444444444443 0.15438930684156382 0.02604166666666666
4 0.7487253783007543 0.12890625 0.21212839720507545 0.02170138888888889
12 0.7763397258659123 0.16276041666666663 0.11171258787722906 0.023437499999999983
12 0.8102300615140604 0.18663194444444442 0.11171258787722906 0.02256944444444443
12 0.631364401148834 0.18880208333333331 0.16819648062414266 0.04600694444444443
12 0.6012396583504801 0.22048611111111113 0.11296778549382715 0.022569444444444465
12 0.3062682184499314 0.16796875 0.3363929612482853 0.03038194444444443
12 0.22719076860425239 0.20182291666666663 0.17321727109053497 0.0234375
12 0.26861228995198905 0.41796875 0.26610189471879286 0.021701388888888857
12 0.2874402542009602 0.5733506944444444 0.3238409850823045 0.018229166666666644
12 0.42987273245511654 0.5871872256014666 0.6024948559670779 0.015625000000000028
2 0.44810554912551437 0.9301215277777777 0.16066529492455417 0.019965277777777714
2 0.4587747288665981 0.9474826388888888 0.7217386295438958 0.030381944444444572
