10 0.4939072513580322 0.8178755816291361 0.8186289215087891 0.22973748969371757
9 0.3491972541809082 0.6837257464451773 0.2046274185180664 0.1436798201300281
5 0.1452504253387451 0.08724467069632455 0.07823381423950196 0.055661165178028355
10 0.5095731163024902 0.3221148718599629 0.8662171936035157 0.13910363537217507
6 0.26925174713134764 0.08885545631593486 0.17123641967773437 0.03908224006837627
4 0.793159294128418 0.06852297139415278 0.33230247497558596 0.014535804933330182
4 0.7451555633544922 0.044386409970715794 0.24298965454101562 0.018317757180817813
1 0.5058711242675781 0.16520714677328882 0.2200035858154297 0.030473412114443665
9 0.7783473587036133 0.7962206936212559 0.07169273376464844 0.13246746129230644
4 0.6924140739440918 0.09047626046573415 0.13531085968017578 0.014660640571356645
12 0.24880231857299806 0.19328173469094673 0.3385065841674805 0.01593688120066501
12 0.8513636779785156 0.17016672840580394 0.12090484619140625 0.014080562393558064
8 0.2295810412450736 0.494055751285751 0.2888215635387315 0.015747862291171057
12 0.47579932193115937 0.531960589662967 0.23096469918577545 0.014866231634542568
12 0.5016763591766358 0.4264101074641139 0.8416818237304687 0.03741798268882461
4 0.7111175537109375 0.1108240800745347 0.1741766357421875 0.012769078713387354
12 0.6384103023217595 0.4587821349424175 0.569462623990463 0.014320848242187979
12 0.24708030462265015 0.029572056239039014 0.4528355026245117 0.014230381658745472
8 0.2190222902804665 0.45632113552423503 0.26390025530458544 0.014209522920496325
4 0.8167219161987305 0.13635422861699825 0.2294689178466797 0.013523141405574177
12 0.5411279487609864 0.21392216401941636 0.11196483612060547 0.012970630685350888
12 0.5391978984373756 0.5523279350977586 0.506502912126363 0.016061440149831175
12 0.3873843247365735 0.5881480708666735 0.519116409883542 0.01343829409061418
12 0.25645975112915037 0.23131351404949044 0.3445767974853516 0.01639889515807472
12 0.5713017000102568 0.6468329878833265 0.707126176090327 0.01880196378433276
12 0.5211783854166668 0.4735243055555556 0.791488715277778 0.0164930555555555
12 0.6422222222222222 0.49348958333333337 0.5218055555555555 0.013020833333333285
12 0.21323784722222222 0.5125868055555556 0.17811631944444442 0.014756944444444428
8 0.22201822916666672 0.5325520833333334 0.2684288194444445 0.01649305555555557
8 0.18438802083333336 0.5499131944444444 0.19818576388888892 0.014756944444444428
12 0.45720703125000006 0.5694444444444444 0.751349826388889 0.017361111111111143
8 0.1643185763888889 0.6085069444444444 0.15052083333333333 0.017361111111111143
12 0.5092621527777779 0.6085069444444444 0.5142795138888889 0.020833333333333356
8 0.2489865451388889 0.6267361111111112 0.3173480902777778 0.015625
8 0.1423676215277778 0.64453125 0.1191623263888889 0.013020833333333214
12 0.30355034722222224 0.6631944444444444 0.35623263888888895 0.015625
12 0.6867513020833335 0.19401041666666669 0.40515190972222215 0.01649305555555557
2 0.48668402777777786 0.9422743055555555 0.1705902777777778 0.011284722222222144
2 0.4986002604166667 0.9574652777777777 0.7613845486111112 0.013888888888888715
