9 0.6906578063964843 0.5973455697218999 0.18346084594726564 0.12915880926724138
10 0.518394136428833 0.6399241750162329 0.8372297668457032 0.34334434016840737
9 0.9144121170043945 0.5089354848144962 0.09538352966308594 0.13795799032762765
9 0.9257707977294922 0.7369598739448635 0.08126480102539063 0.12947995888248784
12 0.5094213581085205 0.37043601351331545 0.8461315155029296 0.14958140383987734
12 0.33390270233154296 0.2515247456274868 0.48816062927246096 0.017679796294761272
12 0.6445311546325684 0.5130718038948525 0.30968830108642575 0.016261201111433466
9 0.1970681953430176 0.6256977489414097 0.058707962036132814 0.10313489730119917
12 0.5123311042785644 0.14506445765811507 0.8426748657226563 0.0651138804846375
7 0.5067657089233398 0.9346878496974469 0.11800689697265625 0.01739161969496021
8 0.154783935546875 0.09318190017281962 0.12898021697998047 0.017198442885772408
12 0.6534349060058594 0.487252367797096 0.318701171875 0.016497786544678383
12 0.4429201221466064 0.21111723261528795 0.725452651977539 0.04616384059322502
8 0.1601513671875 0.2777777777777778 0.14603841145833335 0.019097222222222213
