6 0.32559511681608255 0.09722222222222221 0.16372079597935346 0.03993055555555555
5 0.20618972425971208 0.0959201388888889 0.06031818799239336 0.04427083333333333
9 0.8536870076066287 0.07725694444444445 0.09724769084487903 0.04166666666666665
1 0.49300886308068465 0.34244791666666663 0.6708859684868242 0.08072916666666669
12 0.4911623879380603 0.40625 0.3126697908177125 0.017361111111111143
12 0.44930895137190985 0.7426215277777777 0.4333061668024994 0.018229166666666713
12 0.488700421081228 0.7808159722222223 0.4973173050801414 0.018229166666666713
12 0.3945301888073892 0.8177083333333335 0.3212866748166259 0.02256944444444443
12 0.4369991170877479 0.8563368055555556 0.40130059766367837 0.0234375
9 0.9751596033686498 0.6918402777777777 0.04968079326270043 0.1284722222222222
