10 0.5360282135009765 0.7620313239820077 0.8048068237304687 0.24660566439130893
9 0.41583492279052736 0.6890188403402514 0.21748695373535157 0.14624937937315868
10 0.5197313690185547 0.33459111737081093 0.8026988220214843 0.13618338228476168
5 0.15895144939422606 0.06559422361328948 0.06744465827941895 0.04791396555274424
9 0.7964503860473633 0.7010754415081807 0.2223969268798828 0.14601952138573232
4 0.7952260589599609 0.045084200322828706 0.30231414794921874 0.01526129045069017
4 0.7810306930541993 0.1220843189894551 0.24260719299316405 0.01692249799015546
6 0.26851423263549806 0.06581534921922266 0.14836231231689453 0.03729470570882162
1 0.5038694763183593 0.15218825934310554 0.23472854614257813 0.030850086147937706
4 0.7154816818237305 0.06704002277618305 0.1469414520263672 0.014919139720775463
2 0.514957332611084 0.9537642764724064 0.18418483734130858 0.014824658531933923
4 0.745182991027832 0.08971413056858461 0.19200645446777342 0.013971829655194523
4 0.7743143463134765 0.020910753545536336 0.2630238342285156 0.018890146454576692
12 0.7871610260009766 0.179709534051041 0.22039138793945312 0.0164071413804385
12 0.31173157691955566 0.6083334206732034 0.342917366027832 0.016628226848563764
12 0.3165596103668213 0.24295729820174397 0.3724627685546875 0.01706903631036932
12 0.40759834289550784 0.5094046544547033 0.5437281799316406 0.016712741016940237
12 0.6992747497558593 0.20081495676779185 0.33775772094726564 0.018155711267130944
12 0.21885424613952636 0.22323722710914481 0.18482410430908203 0.015070057878590594
12 0.29969322204589843 0.20222482135400227 0.35973884582519533 0.017378990096275252
12 0.5874709129333496 0.22224912418660892 0.11606388092041016 0.017572460752544983
12 0.5108698654174801 0.5499225750129363 0.7403735351562493 0.058718860272876136
4 0.11619131565093994 0.010571237565692426 0.20268333435058594 0.016943327906958582
12 0.5216897497004525 0.4813702944100865 0.7622698211669922 0.038969405973800504
2 0.524463871364269 0.9705559316307589 0.6868090598672102 0.01652706672848269
12 0.43764016388726207 0.43217811199149636 0.601602417243358 0.014697476268215971
12 0.33136623613477617 0.45292191766838 0.38974381751411435 0.015855782762521028
12 0.4999699231303108 0.5884535561506984 0.7240169294046627 0.016715823600589215
