9 0.34092059377896583 0.4011411743164062 0.18761521678859905 0.13027435302734375
9 0.8757080250540694 0.6720760192871092 0.04769707803672316 0.11850640869140625
10 0.4975525699766342 0.5020559692382812 0.696885793222546 0.2716956787109375
9 0.6844680268885724 0.44506845092773434 0.18672800872285486 0.132122314453125
9 0.9319190332445048 0.4713438873291016 0.09234679486118468 0.13086337280273438
7 0.5036696094577595 0.8997998962402343 0.11522178865421964 0.01965484619140625
12 0.4843519394007106 0.31546487426757813 0.6973246773757503 0.02264984130859375
12 0.3407126712260273 0.22882962799072268 0.39250691731770826 0.01855345153808594
12 0.31859779357910156 0.17305133819580074 0.34715010217354125 0.017560623168945313
12 0.4802329499842757 0.1108989143371582 0.6965169960496115 0.023774696350097657
12 0.28326007605945996 0.3531402740478516 0.2753042231845317 0.017762481689453127
12 0.4080450522041737 0.20078086167123987 0.5246465650655455 0.019329681396484374
12 0.47335852068022816 0.2571153717041016 0.6735020007117319 0.027473846435546876
12 0.48380229971503125 0.1435050964355469 0.6971801499188957 0.025086456298828125
12 0.2544089375392342 0.2868923611111111 0.21946602322661646 0.019965277777777787
