9 0.627161153157552 0.8294423976089016 0.16523874918619788 0.11466441761363637
9 0.3353450012207031 0.8375147594105115 0.16174219767252607 0.09689386541193182
9 0.9442979431152344 0.7264132043087121 0.10659372965494791 0.12999807646780304
12 0.8460993703206381 0.10397613987778172 0.08769749959309897 0.0151606796727036
12 0.4455166244506836 0.10357349280155066 0.281289545694987 0.01726062196673769
2 0.4781451621006847 0.9273437945427639 0.27054275512695314 0.011027388139204546
12 0.7730568490077135 0.15120626992975825 0.23797414143880208 0.02481715855624949
12 0.7120778147379557 0.18145843505859374 0.24900121053059895 0.015340816613399621
12 0.28957232157389323 0.22362389766808716 0.31381179809570314 0.013118563565340908
12 0.291485226949056 0.2578629557291666 0.30245320638020834 0.022298620975378783
12 0.20077501932779948 0.1584989050662879 0.267316640218099 0.021349283854166668
12 0.17365464258535535 0.2375135877938264 0.07649706229500984 0.012963016394412916
2 0.4828482437133789 0.8939291844223485 0.620489501953125 0.030607984138257577
12 0.5795217895507813 0.15776509140477038 0.15686360677083333 0.015100846724076704
12 0.1880735905965169 0.8684668338660038 0.2274739583333333 0.012903571851325757
12 0.25216604868570963 0.8441441391453598 0.3638674418131511 0.015450328480113636
2 0.48818148395376243 0.9189568212458542 0.6247683686556711 0.012388657078598491
12 0.28508619944254554 0.2104569406220407 0.2973033905029297 0.015282259854403409
10 0.7591145833333333 0.8424479166666667 0.26736111111111105 0.035590277777777714
