10 0.49565539360046384 0.8077359686639674 0.8054451751708984 0.2557203155202964
9 0.2753888130187988 0.7498357713836985 0.23066051483154296 0.17949026549320524
9 0.7058663749694825 0.8704881462519037 0.22339771270751954 0.10697706771321462
5 0.17894695281982423 0.07891832475027641 0.08346355438232422 0.06754228615157495
6 0.3227102375030518 0.0845231375296538 0.1929793357849121 0.049999161982156454
12 0.45529104232788087 0.5885396741100193 0.6831578826904297 0.019938818405137067
12 0.5033654144862454 0.3910561986981833 0.7724616949838069 0.029481774755639765
10 0.5125599861145019 0.22375039956004347 0.7804339599609375 0.08053321445111146
12 0.3651301264448115 0.5114591336376446 0.5098347447320741 0.015280812057023176
12 0.49501941680908174 0.48393792251709206 0.7522583007812496 0.03297925387695257
12 0.49863412857055667 0.6372948931984572 0.7742281341552735 0.042222716348809176
10 0.510301923751831 0.32305421981168 0.7789578247070312 0.10190977688246837
4 0.7693787384033203 0.1331689435964225 0.26120346069335937 0.018809668014512067
12 0.5056111812591549 0.435546531645169 0.7736092376708981 0.0512321776845219
2 0.47554648618039 0.9640524380656181 0.5546176381932996 0.013738630414567708
1 0.5133304977416993 0.16310763872999284 0.14097450256347657 0.026675352116221004
4 0.8176570510864258 0.1090191606058623 0.17075218200683595 0.01880788758411068
4 0.8266308975219726 0.0823517131716041 0.15045539855957032 0.017393861178940664
12 0.4768745517730709 0.5452365092736462 0.738514251708984 0.05077663366100174
4 0.41582877159118653 0.03371355616275462 0.5355218887329102 0.017517100569234344
4 0.7847382736206054 0.0579724530807252 0.24281288146972657 0.01777514142194639
12 0.2703390842013889 0.6041666666666666 0.3230175781250001 0.015625
2 0.5059450954861111 0.9440104166666665 0.20145182291666663 0.014756944444444428
