10 0.4846861028671265 0.6418424884924728 0.8371648406982422 0.35963517092586905
9 0.36198671340942384 0.542276160993826 0.2122371292114258 0.15525743577364232
9 0.9509138107299805 0.3168817584434252 0.08978446960449218 0.1477870869725831
12 0.4985731887817383 0.15800693954867817 0.7175679779052735 0.07674232225739554
12 0.297588996887207 0.059577540065465354 0.31142822265625 0.01878197273511565
8 0.2093944597244263 0.08806676543160771 0.13483302116394044 0.019661635495303722
12 0.5041444778442383 0.3989430545421129 0.46446372985839846 0.03195096133800035
12 0.4967849826812744 0.22923181655255148 0.7208211517333984 0.04061403881744499
8 0.20804028034210206 0.2681608021482546 0.13369669914245605 0.019470643461420294
12 0.5011774826049805 0.31336150723003714 0.7223645782470703 0.04076139757249239
12 0.33037599563598635 0.35717784867304536 0.33661766052246095 0.02116102582952949
12 0.20898312091827392 0.08748165230626025 0.1339861583709717 0.019793949770123772
12 0.6494213104248046 0.07309765047794871 0.289725341796875 0.022012374820780663
