9 0.3443350306337385 0.694193849109468 0.2082136405728297 0.14395236060732886
10 0.5016366006535958 0.7318676539829798 0.9348869005308328 0.21771058582124256
10 0.4969711176342081 0.2713330768403553 0.9307561756573456 0.20097405569893972
6 0.12465379870992671 0.06514634858994256 0.0960258267359662 0.02911054974510556
5 0.05434574865936636 0.061427348000662664 0.04361013180027422 0.03834129515148345
1 0.49852142588722087 0.1491684913635254 0.17090959501186873 0.03451871417817615
12 0.4965805255712752 0.4590548924037382 0.9246214983254738 0.03257475353422615
9 0.8191990924000939 0.6918575468517484 0.19243579794449078 0.15659601120721725
12 0.4574272748026903 0.39369732084728426 0.838092682954664 0.03695097423735119
2 0.48119309851422515 0.9282844543457032 0.5321585002323577 0.01689533051990326
4 0.843933436627778 0.042601240248907185 0.23472179992370093 0.019112232753208707
12 0.49479585497924605 0.4232634044828869 0.9211602059748017 0.03125217982700893
12 0.49837805950183905 0.5155068840382391 0.9195918368178737 0.045682332645860496
2 0.5039231518473172 0.9624295915876117 0.30678238653778434 0.01595458984375
12 0.8445936913084308 0.06584909984043666 0.2256332168196995 0.018051528930664064
12 0.2838609221857913 0.48245687938871745 0.4918336169196976 0.01428793044317334
12 0.3579465542650467 0.5628694443475631 0.6371912709940484 0.015419006347656255
12 0.49759178417523736 0.6024654388427731 0.9230067472671515 0.033092716761997674
2 0.5023566979661517 0.9437312519926954 0.7734313193593695 0.014475210923635582
12 0.19910589482430027 0.5787158966064453 0.3126645860369496 0.01385901314871652
12 0.32302277350003855 0.5465745108468176 0.572328663924382 0.014636230468749964
