10 0.524473106832534 0.7790421025867245 0.7413013314629198 0.24481056938393075
9 0.4085590553283691 0.7204662231861936 0.20439983367919923 0.1391927569392598
5 0.18297005653381349 0.08730724972669583 0.06395292282104492 0.04308287845129853
6 0.28848941802978517 0.08772185719460758 0.1464983367919922 0.03669488145222843
1 0.5137469673156738 0.15926411208846056 0.21585521697998047 0.028474137237861293
4 0.7597991561889649 0.1318705041253933 0.2235718536376953 0.015741341756879267
10 0.521406192779541 0.29918964893744665 0.7461547088623047 0.11489743177394411
12 0.23124329566955568 0.2082207194774224 0.16848974227905272 0.015312481251999788
4 0.7713274192810059 0.0590542314809337 0.2796475601196289 0.01305992855553741
4 0.7565514755249023 0.03984401169083631 0.25745521545410155 0.018010305463250588
4 0.7335836029052735 0.10093383984354169 0.1962261962890625 0.014305251450261972
8 0.33461478233337405 0.6034149846932992 0.31278017044067385 0.016337580241440913
12 0.3231616401672363 0.22717141942359478 0.3510312271118164 0.01608495093856655
12 0.7974691772460938 0.1654503337352349 0.11849716186523437 0.01575272075145318
4 0.6997638893127441 0.07956914608795895 0.1338796615600586 0.013786075058243787
12 0.542077547716076 0.6322161437771489 0.7388960138818138 0.03451316642721805
12 0.516678258579715 0.4859684022805758 0.6918314079731064 0.032613353229293936
12 0.6939796257019043 0.188518615306034 0.34792438507080076 0.020770310541875534
12 0.43944469451904294 0.4585719971119747 0.5462120819091797 0.017215507429207553
12 0.5220278819488666 0.4336866392166818 0.7112034606933594 0.03892993601515838
12 0.30850088119506835 0.1880586448383006 0.32882453918457033 0.019341101011725415
12 0.5213975927634119 0.5225694529988991 0.6943489583333334 0.03472222222222222
12 0.5023220486111111 0.5494791666666667 0.6612847222222221 0.013888888888888928
12 0.5201258680555556 0.5755208333333333 0.6994357638888888 0.03472222222222222
4 0.13988715277777777 0.04036458333333333 0.1932986111111111 0.01996527777777778
2 0.4953276909722223 0.9249131944444443 0.2606987847222222 0.014756944444444428
2 0.5163107638888889 0.9405381944444443 0.709609375 0.01649305555555557
12 0.5519184027777778 0.20789930555555558 0.05849826388888893 0.014756944444444428
12 0.4330143229166667 0.3671875 0.5353862847222223 0.012152777777777856
12 0.5169466145833334 0.39322916666666663 0.6956206597222223 0.03298611111111114
