9 0.6297713362652323 0.8402800307094533 0.2134850958119268 0.15437321308838597
12 0.33845147879227355 0.20356821852916693 0.3865412421848463 0.021231832476683043
12 0.3956415756889012 0.1306398147097434 0.509624315344769 0.022813419941651095
12 0.1875613461370054 0.6999538204594081 0.10360319718070653 0.023719191666164416
12 0.49282220135564386 0.31621731764555205 0.6943797650544539 0.12599286600846793
12 0.8436348127282184 0.9294276738695605 0.22491587763247284 0.030074322809938523
12 0.19429916920869247 0.7692425248707963 0.16498799945997156 0.03801383714666707
12 0.25382720905801526 0.8774313710579648 0.1912544291952382 0.038776747171076424
9 0.8500223574431047 0.7011865305003917 0.21744006613026495 0.09972932644497348
9 0.8184678036233654 0.8718154598225049 0.09068605174189029 0.07680741754309306
12 0.5000759000363557 0.16852767488190845 0.6927967900815217 0.024950930559531702
12 0.4910706022511358 0.40932872923038954 0.6876527537470278 0.02436494597358667
12 0.2587105813233749 0.6625601934949824 0.23861319085826044 0.023838142534805932
12 0.6309872308147207 0.8153825291226113 0.34497348374008946 0.02965317073919569
12 0.4964274841806163 0.5524913232374788 0.7002384351647418 0.09456958973074374
9 0.6248723734980044 0.6615858675773717 0.1093787317690642 0.06392746928112945
1 0.48967552185058594 0.09542204397968523 0.12675111190132474 0.03120113361766966
12 0.7408193505328634 0.7077707053380395 0.4397728961447011 0.03510745718945878
12 0.4975455329944209 0.4589166553801352 0.7015881745711617 0.06895256962127833
12 0.7830390930175781 0.8947082342958956 0.36245528511379077 0.037437446322022665
12 0.5042339511539624 0.6259642318681443 0.7308601711107336 0.027512965114965048
