10 0.5016468715667725 0.3865064052467414 0.8120269012451172 0.14942173226169808
9 0.9461865234375 0.22693128098045498 0.10428314208984375 0.14095323888923336
5 0.164928560256958 0.0808127300659395 0.0724885368347168 0.05043595598278012
1 0.5077786636352539 0.15688910644100668 0.2052527618408203 0.030457027374751987
4 0.7827597808837891 0.060706993049204454 0.3216569519042969 0.015771960034782505
4 0.26860628604888914 0.023921654548174066 0.4303012466430664 0.016173742856087928
6 0.28459102630615235 0.08232146638200817 0.16085174560546875 0.03812247651384411
4 0.742055492401123 0.03753090913964327 0.23590274810791015 0.017926742580622382
4 0.805091323852539 0.12920414623549795 0.2184808349609375 0.01546393500434028
12 0.5203924179077148 0.8537768005694031 0.8297003936767579 0.04201161756296847
4 0.6919904708862304 0.08267301394615643 0.12904075622558595 0.01334734989011519
12 0.3521256270926253 0.6451551111076654 0.4769023865618201 0.01673159860008817
12 0.20180782318115234 0.19536257547045513 0.1919827651977539 0.01494033248336227
4 0.6980357360839844 0.10392045722436652 0.14645492553710937 0.014016052192270862
12 0.742314281463623 0.1927190104489604 0.2536519241333008 0.016053847324701002
12 0.3600344657897949 0.7551420504453952 0.46243560791015625 0.019104488312251984
12 0.5112773541997565 0.8958417970737007 0.7888951220770596 0.023109366442493888
12 0.5093011856079103 0.5500689372144861 0.7990327453613284 0.05155819588510029
12 0.5034231853485103 0.4915555672400332 0.7994837951660149 0.044178369171975096
12 0.43292115211486815 0.7853711647962136 0.6472885894775391 0.021476516858190034
12 0.31791053771972655 0.4442636264484816 0.3829736328125 0.01782038182388117
12 0.2638976955413818 0.2146719809772687 0.33149406433105466 0.017256250667403824
12 0.2746316909790039 0.2703578215637745 0.3252587890625 0.01658544254471175
12 0.18556998252868653 0.2339113696332121 0.16716014862060546 0.01567516293264991
12 0.4407801762440427 0.7010967908216118 0.6509803771972656 0.0671985767505787
12 0.6680293846130367 0.2341075784337711 0.10507801055908197 0.01485975124602123
12 0.2665193271636963 0.8125232245766507 0.311292781829834 0.016901194523671736
12 0.7436554908752442 0.21493755656785646 0.25796627044677733 0.01878724274811921
12 0.506953125 0.6046006944444444 0.792421875 0.04079861111111114
2 0.490341796875 0.9214409722222223 0.16857421875000006 0.018229166666666713
2 0.5124902343750001 0.9409722222222223 0.7345898437500001 0.02430555555555557
