10 0.4730204327901204 0.2964599553955669 0.7806081136067707 0.11843796330560495
9 0.7680099487304688 0.7705635274004995 0.1894854736328125 0.13899049920550846
12 0.8136629231770834 0.18368298435903924 0.07808095296223959 0.016198719384883854
10 0.4713271713256836 0.42575073242187494 0.7806055704752605 0.1183994099245233
1 0.47177270253499354 0.15702781030687235 0.1979626719156901 0.03067607741090345
4 0.7540877787272136 0.12923402763163494 0.2037885538736979 0.015478231139102225
5 0.14486313501993814 0.08162786423727039 0.06952637990315755 0.04982267569110122
9 0.9352598571777344 0.6273189480021848 0.10034271240234376 0.1387317648234148
4 0.6876181284586589 0.040559665920082075 0.22283645629882812 0.018372009221924418
6 0.25671384811401365 0.08265413787694012 0.15241906483968098 0.0380984761235789
4 0.6674134318033853 0.10389869265059871 0.16629058837890626 0.013426164160629162
8 0.24973785400390625 0.22027854827068044 0.32029607137044264 0.014824874175951498
12 0.24162657419840497 0.18461064853622028 0.312834955851237 0.016559462281751286
12 0.5925836181640626 0.20204657677010818 0.10063629150390625 0.01593608717652845
12 0.45124512839959946 0.6177671307801605 0.20452614131278016 0.01343419996358577
12 0.5535860557297807 0.6356365572230654 0.5483168437202883 0.017455683160194895
12 0.5340527083018565 0.5086412550147271 0.6420322939675749 0.013226775621351763
4 0.6440147654215493 0.083905970501842 0.12733973185221353 0.013858610434913175
12 0.7931062571207681 0.16093171422187122 0.11621271769205728 0.013581245921137257
4 0.733487319946289 0.06275385517185017 0.3111938985188802 0.017150828105196827
12 0.6006637052603957 0.5822130856051136 0.48281420630049854 0.013830190856338692
12 0.42829191843668624 0.7395555251447109 0.666540018717448 0.033171794605024216
12 0.16365306218465167 0.2031586580068667 0.15129642486572265 0.012799463895562198
4 0.23773643646756926 0.026600321615002046 0.4089569824115414 0.018593150824669186
2 0.45890646616617836 0.9029174509117737 0.24432777404785155 0.013428473299409806
12 0.47963169097900393 0.5639005573263468 0.7328294881184896 0.014806936785903451
8 0.1501599438985189 0.5096696756653867 0.1195363489786784 0.015271941916994552
12 0.418855613425926 0.5286458333333333 0.5843663194444444 0.012152777777777785
12 0.6016941550925927 0.546875 0.5293952546296297 0.015625
8 0.21510416666666665 0.5455729166666666 0.24378472222222222 0.014756944444444428
8 0.2246643518518519 0.5828993055555556 0.25812500000000005 0.01649305555555557
8 0.21988425925925925 0.6176215277777778 0.24378472222222222 0.013020833333333285
8 0.185228587962963 0.6371527777777779 0.1816435185185185 0.017361111111111212
12 0.2097265625 0.5993923611111112 0.16371817129629626 0.011284722222222215
12 0.475619212962963 0.6640625 0.7002835648148148 0.034722222222222286
8 0.1684982638888889 0.6892361111111112 0.14101273148148147 0.013888888888889
8 0.24677228009259258 0.7100694444444445 0.2999508101851852 0.012152777777777856
12 0.47263165509259264 0.6927083333333335 0.4600839120370371 0.017361111111111
2 0.47502170138888894 0.9201388888888888 0.7540596064814815 0.015625
12 0.5712210648148148 0.1840277777777778 0.04541087962962955 0.013888888888888857
