9 0.25887915611267087 0.8474639654159546 0.20900903701782225 0.16381800174713135
9 0.7121372222900391 0.7847169637680054 0.19081863403320312 0.14692771434783936
10 0.5053717136383057 0.25804276764392853 0.8733933258056641 0.1467469036579132
10 0.4840770673751831 0.8367179930210114 0.8613623809814454 0.1643577218055725
12 0.5073203754425049 0.3618165999650955 0.8663128662109375 0.03768309950828552
12 0.722032527923584 0.15461883693933487 0.18758045196533202 0.016398832201957703
1 0.5119484901428223 0.07105734385550022 0.2920882797241211 0.029877137392759323
12 0.22104143142700194 0.13355905190110207 0.28130924224853515 0.017279885709285736
12 0.685147361755371 0.13484064489603043 0.13167213439941405 0.01755143702030182
12 0.4880925135771505 0.6826165318489068 0.8477250681241497 0.03680682182312006
12 0.4931517889377266 0.6412663876459292 0.8598254469866922 0.03301378477519659
12 0.4562691736221314 0.40446439385414124 0.763338394165039 0.036807894706726074
12 0.22850141048431397 0.15319321304559708 0.2995417594909668 0.01569361984729767
12 0.24017971992492676 0.17260067909955978 0.3121368980407715 0.017450526356697083
12 0.41256099700927734 0.7135739326477051 0.6909697723388671 0.01940000057220459
12 0.5067992353439331 0.4601389914751053 0.8708936309814453 0.06911030411720276
1 0.5065964317321777 0.10978198051452637 0.19657337188720703 0.024250701069831848
12 0.7827756309509277 0.1339508518576622 0.33383472442626955 0.017795726656913757
12 0.5005555555555555 0.5329861111111112 0.8677777777777778 0.057291666666666644
12 0.49833333333333335 0.5928819444444444 0.8611111111111112 0.05902777777777778
