10 0.5096802997589112 0.7130420320728987 0.8501834106445313 0.2702058380468078
9 0.38494406700134276 0.5977132441355869 0.1940397071838379 0.1315983044926913
5 0.12004240989685058 0.06683719106921839 0.07699054718017578 0.05252051250953051
10 0.4961007356643677 0.2943071544119129 0.8724822998046875 0.11877937349695024
6 0.24991965293884277 0.06791101358927025 0.1738676643371582 0.040172098017107895
1 0.4972579193115234 0.14507736507819216 0.2201903533935547 0.02947612313084426
4 0.8174922180175781 0.11733481685149699 0.2224554443359375 0.015939615762961493
4 0.7436756896972656 0.02459221755443517 0.24210968017578124 0.018968021264900346
4 0.7190469360351562 0.09017520553575746 0.18774185180664063 0.013398896182085663
4 0.6905522918701172 0.06862462930195513 0.1361944580078125 0.013059627569039526
2 0.5132132720947266 0.9345874212368337 0.173006591796875 0.01586452231567068
12 0.34409951777376463 0.38105218941449864 0.5375254517571583 0.016358366529180976
12 0.15156660079956055 0.19663404495882147 0.17067020416259765 0.016451310004433575
12 0.8562490844726562 0.15083131273553377 0.126187744140625 0.014101207205066368
12 0.6365563583374023 0.19584266091869085 0.10816490173339843 0.015747017831712166
4 0.7878704452514649 0.04801038084415557 0.3372589874267578 0.0167603332834416
12 0.23048008918762208 0.17542638147277045 0.35230838775634765 0.01897730216422372
12 0.6367965698242187 0.17544005927809947 0.10971694946289062 0.015369392322858449
12 0.3375193152516796 0.5530393933388853 0.496310355204287 0.013975738761554148
12 0.24253429412841798 0.21501163604027834 0.36097122192382813 0.015744866119411005
12 0.420563601147877 0.5328083912856696 0.6710401127571801 0.0232041424458095
12 0.8601213455200195 0.17515720095187554 0.08785041809082031 0.017060611951176915
12 0.3447160633204153 0.43881368596084314 0.5151531013254783 0.013538180192994926
12 0.4990980496088955 0.40838197930214337 0.8301649026235524 0.039246550568516184
12 0.41364334646407713 0.48758027681714794 0.6538492882955861 0.07187865707099256
2 0.5096747432483215 0.9545224201228089 0.7672569444444445 0.016493055555555438
