10 0.49861998081207276 0.742093761355378 0.8892707824707031 0.231251703306686
9 0.3469748115539551 0.7072678676871367 0.19938037872314454 0.1459137104832849
5 0.10142050266265869 0.10262217676916788 0.07905606269836425 0.05894674611646076
10 0.4993458271026611 0.2972512249613917 0.8890275573730468 0.18403083268986195
9 0.8296250152587891 0.7675347474563954 0.197705078125 0.13837163880813955
6 0.23445557594299316 0.1041632896245912 0.17922252655029297 0.04559940071993096
1 0.49762081146240233 0.17904777349427686 0.170291748046875 0.032944208189498544
4 0.8321493911743164 0.0771238531068314 0.22087242126464843 0.018685316928597383
12 0.5004691410064698 0.4421308508584666 0.8781344604492187 0.02913281817768896
12 0.4971923017501831 0.4782092143214027 0.8732349395751953 0.030628037563590116
12 0.297316102613651 0.5017472519985461 0.4736124713626637 0.013847542696220912
12 0.4965717124938965 0.5250346339026162 0.8699272155761719 0.0280701535247093
4 0.18584000587463378 0.0550081102238145 0.2189065170288086 0.016595008317814318
12 0.5002001557477651 0.6074969340479648 0.8867014531834275 0.03259027525436046
4 0.8215811920166015 0.12183731788812682 0.24442764282226562 0.017833926178688227
2 0.49660139010279025 0.9460796566643284 0.8405178668762929 0.016085063135901124
12 0.4978736257553101 0.4103611861827761 0.8682781219482422 0.02887326262718023
4 0.8735699462890625 0.09918113885923875 0.13519561767578125 0.015322329499000727
2 0.4783561658662445 0.925419155386992 0.48555853839752855 0.016674975018168618
12 0.3619542251496557 0.5662741585664945 0.6061031895310107 0.013523062772529036
12 0.20713427066802978 0.5822242062590843 0.29613527297973635 0.013798317132994186
12 0.3184407552083333 0.5486111111111112 0.5155707465277778 0.01736111111111107
