12 0.2401399075505561 0.7783347253192376 0.21205405063987098 0.02301238449691992
12 0.6538369022809148 0.9370113740956271 0.3114463662973358 0.02624455320761678
12 0.3306247619138007 0.5587381915145342 0.5394075204475955 0.02159027788918121
9 0.7064922629348713 0.7758429055341216 0.06122902059682892 0.06689384194125385
12 0.1991904312420147 0.5951162412670848 0.26558139177174095 0.021487570886004878
12 0.6445933283174325 0.7664413608809517 0.2151507666539251 0.02348080112214451
12 0.22870143552887534 0.6252231480404582 0.3249342972088115 0.021554559163244353
12 0.26937149293301255 0.8613760006256416 0.24527087991423005 0.0250175209750385
9 0.3544190025840943 0.8815868463849141 0.07241232209806468 0.07386394398902721
8 0.12367952924631237 0.2362416089193043 0.1904029743920702 0.02405309970863546
12 0.44197521260852146 0.6983715268865504 0.7450509160836964 0.05574815816703029
12 0.2562243433484443 0.3689098318989027 0.4130469519075695 0.022534380213680694
8 0.10023254843243964 0.0547972920004592 0.19223689265928706 0.025241914471072092
12 0.42928181768422474 0.41026721304202224 0.7662201336817192 0.053040960730958035
12 0.42114343719891506 0.17380514281975906 0.8027211207167393 0.062408791919998076
12 0.24899086428072115 0.6545871053143449 0.3483736585356275 0.020620545812211243
9 0.2923537348933898 0.7704100559869096 0.09142010972582942 0.058122638804222276
12 0.42437618091982104 0.086877298061363 0.816363378120811 0.03679993020435623
12 0.43197947341059845 0.4816288112643633 0.7662705326847348 0.061304961245519624
12 0.2813771633935678 0.3020474005039223 0.45576031150511054 0.024226163202242686
8 0.1591347446390515 0.5339259122186618 0.20852967944925016 0.021607291282324817
12 0.30015609986660624 0.33592976094271365 0.49941840695951323 0.022221747365085986
12 0.34142051113834326 0.2664999051260507 0.6224291599467996 0.025321286806580464
12 0.14540750795011545 0.12808618408453784 0.20939693502063086 0.027852726178492368
