6 0.27275390625 0.10460069444444445 0.1472005208333334 0.0390625
5 0.16018880208333333 0.10243055555555555 0.07050781249999999 0.046875
4 0.25481770833333334 0.05208333333333333 0.408203125 0.01736111111111111
4 0.6815755208333334 0.06727430555555555 0.20781250000000015 0.019965277777777787
4 0.719921875 0.08723958333333331 0.2869791666666666 0.014756944444444446
4 0.6407552083333333 0.10807291666666666 0.12122395833333342 0.011284722222222215
4 0.65498046875 0.12760416666666669 0.15709635416666665 0.013888888888888874
4 0.8052734375 0.14973958333333331 0.19049479166666672 0.013020833333333339
1 0.5114908854166667 0.17491319444444442 0.1892578125 0.02170138888888889
12 0.25048828125 0.19791666666666663 0.28821614583333327 0.013888888888888893
12 0.5448893229166667 0.20095486111111113 0.0482421875 0.013020833333333322
12 0.5745768229166667 0.21701388888888892 0.09029947916666664 0.013888888888888893
12 0.8040364583333335 0.17838541666666669 0.10143229166666672 0.013020833333333356
12 0.8021809895833333 0.1996527777777778 0.0853515625 0.017361111111111143
12 0.18307291666666664 0.21571180555555558 0.14843749999999997 0.013020833333333322
8 0.259765625 0.23220486111111113 0.30182291666666666 0.016493055555555535
10 0.5114908854166667 0.3098958333333333 0.7632161458333333 0.12499999999999993
8 0.16142578125 0.39453125 0.1001953125 0.011284722222222144
8 0.22698567708333336 0.42708333333333326 0.22884114583333337 0.015625
8 0.23131510416666665 0.45876736111111116 0.244921875 0.013020833333333356
8 0.22760416666666664 0.49348958333333337 0.230078125 0.013020833333333285
8 0.1966796875 0.5099826388888888 0.1657552083333333 0.013020833333333356
8 0.17998046875 0.5755208333333333 0.1348307291666667 0.010416666666666644
8 0.36985677083333335 0.5941840277777777 0.5145833333333334 0.011284722222222215
8 0.1626627604166667 0.6098090277777777 0.10514322916666666 0.011284722222222215
12 0.5646809895833332 0.39583333333333326 0.6766276041666666 0.015625
12 0.5238606770833333 0.41015625 0.7533203125 0.01649305555555557
12 0.6246744791666667 0.4288194444444444 0.5541666666666667 0.012152777777777714
12 0.35563151041666663 0.4444444444444444 0.4292317708333333 0.010416666666666715
12 0.6314778645833333 0.4613715277777778 0.5356119791666667 0.014756944444444428
12 0.19729817708333336 0.47482638888888884 0.11256510416666668 0.013888888888888857
12 0.45458984375 0.49262152777777773 0.19915364583333342 0.013020833333333356
12 0.5906575520833333 0.5095486111111112 0.6098307291666666 0.010416666666666644
12 0.2634765625 0.5264756944444444 0.2424479166666667 0.013020833333333356
12 0.46139322916666664 0.5533854166666666 0.6209635416666667 0.03211805555555557
12 0.5170572916666667 0.5759548611111112 0.5170572916666667 0.013020833333333356
12 0.5603515625 0.6089409722222222 0.6803385416666665 0.01649305555555557
12 0.26223958333333336 0.625 0.2375 0.015625
9 0.34944661458333337 0.6831597222222223 0.1793619791666667 0.12673611111111122
9 0.6222005350097534 0.6770833333333325 0.2078124716471597 0.14236111111111097
10 0.5015950520833333 0.7365451388888888 0.7285807291666666 0.16927083333333343
2 0.48798828125 0.8576388888888888 0.23626302083333328 0.013888888888889
2 0.5009765624999999 0.8702256944444443 0.7100260416666666 0.014756944444444428
