1 0.6252023592862216 0.1436275906032986 0.49582560221354166 0.09866484291533122
9 0.9799313077059659 0.2574386466262687 0.037555116595643936 0.1105236086071047
12 0.5302945593631628 0.37423382620526174 0.7321919389204545 0.10599245250734508
8 0.24165245287346118 0.4364725879114917 0.12726031679095645 0.019815845978565706
12 0.3737279718572443 0.2718732654538929 0.391654052734375 0.019423655974559296
12 0.3335876187411222 0.7644686707064636 0.22534281412760418 0.0189197507678953
9 0.9767315488873106 0.8605960422092014 0.04653690222537879 0.1178760495960203
9 0.9710410748106061 0.5616493420723156 0.05635549834280304 0.13335352188501604
12 0.30571940104166667 0.7930335411658653 0.16432668974905304 0.019648729634081197
12 0.4323832378965436 0.8748517680371929 0.4170889929569129 0.018091602814503206
12 0.37438765092329546 0.5456205971220619 0.30865966796875 0.0199352297008547
12 0.273128486402107 0.6288836096087074 0.10458079944957387 0.018362609341613247
8 0.28393633293383047 0.7105275472005208 0.20483603737571024 0.019696983924278846
12 0.3056067911783854 0.5186357025407318 0.166737929835464 0.020222877437232903
12 0.30474042487866954 0.8202027671357505 0.16210414077296403 0.019488525390625
12 0.29142935088186556 0.6834573338174412 0.14864246715198864 0.01879611545138889
12 0.29523659446022726 0.24486129630325187 0.22575232303503787 0.02023933606270032
12 0.5108773156368371 0.46440779205061433 0.6432096354166668 0.020513968182425214
12 0.27314009232954545 0.6564492771768162 0.10690555456912879 0.017869737413194444
12 0.3022194972182765 0.7385594816289397 0.16693411162405306 0.018852403428819445
12 0.319516083688447 0.5739347278562367 0.1976227361505682 0.020700464493189102
12 0.3310065991950758 0.8465274386935764 0.2229510683001894 0.019435106587206197
12 0.2743015451142282 0.4923521645048744 0.11120877352627839 0.018350037142761753
12 0.262223427512429 0.6009498270148905 0.08392254453716856 0.016388878455528846
