9 0.6590133666992187 0.2849474783973827 0.19980255126953125 0.1407176958143919
9 0.9631208038330078 0.19314296735703734 0.07375839233398437 0.14201119718651323
9 0.30365771293640137 0.3107504229927727 0.19492891311645508 0.14250374504913435
9 0.9322824096679687 0.723553248814174 0.0995587158203125 0.14689827629913435
12 0.1988204002380371 0.4131904495717757 0.18770648956298827 0.02214850448980564
12 0.6609047317504883 0.4060396466936384 0.17760826110839845 0.021481131842742817
12 0.515474993064928 0.05445060497376973 0.8437269185484869 0.043284462719428804
12 0.27141681671142576 0.17737748813961438 0.3365388488769531 0.01874899781124102
12 0.2434536361694336 0.15021075604269313 0.27992706298828124 0.020283888441345002
12 0.6869552421569824 0.31377555767418197 0.2870814895629883 0.01998101211175686
12 0.24885571479797364 0.27892698228151536 0.3003385925292969 0.0217462466568897
12 0.23430336952209474 0.23297874105101266 0.26850799560546873 0.019169345550005445
12 0.23131455421447755 0.32299073647954324 0.25437671661376954 0.018991450399471907
12 0.4418858337402344 0.9906384936608503 0.8539620971679688 0.018425918206935975
12 0.232894344329834 0.20556437263090022 0.265361442565918 0.02089991552904508
12 0.1772976064682007 0.12408445271880784 0.059160890579223635 0.018227008992371244
12 0.5140127944946289 0.09547233249252267 0.8420466613769532 0.025766372680664062
12 0.6408919270833334 0.2730034722222222 0.19307725694444444 0.019965277777777787
