10 0.4989884233474731 0.7649934834817245 0.9130371856689453 0.21778075943064668
9 0.3402593231201172 0.7362461250970156 0.20025070190429686 0.15102952065150538
5 0.07455190181732178 0.07469204417320759 0.05146817207336426 0.037063784541207824
10 0.4962207317352295 0.27141699035701733 0.9035040283203125 0.2758884590813906
1 0.4968396186828613 0.11150899956800607 0.17559749603271485 0.034750626482690956
6 0.15931578636169433 0.0752104247074431 0.1109642219543457 0.02920484319399089
12 0.48174025283640864 0.43329532412356464 0.8756322524226952 0.032402231632936956
12 0.49310737232969615 0.4648600384355595 0.8943776943170672 0.03319262832598699
4 0.8344804000854492 0.06209872924175459 0.22501029968261718 0.016795111015341275
2 0.4656412682472046 0.9036974491308869 0.5260691423293702 0.015810221964327555
12 0.49022784233093264 0.6318301028365159 0.8965730285644531 0.03196526110004686
12 0.19762057781219483 0.607035013929973 0.2991916656494141 0.013898740444880507
4 0.811266098022461 0.08242321997573696 0.27691757202148437 0.016398185865836603
12 0.36692750453948975 0.5918591114104967 0.6261344909667969 0.016891465191541707
12 0.4897349998315568 0.5479322692483488 0.8847793579101567 0.030884577705637177
12 0.35851178260944827 0.5738523388534587 0.6072763652066896 0.01429177939389057
12 0.288672988550005 0.5243934981713476 0.4726819655574601 0.014839780140727505
12 0.49627960165526214 0.5003121432440102 0.8953010485370466 0.03240337568460056
2 0.4955230644180569 0.9217746380678145 0.7448076438087565 0.014896753913571899
2 0.4961616325378418 0.9380069292921158 0.3060048294067383 0.01520273053098641
