9 0.3534877268473307 0.5685050712441498 0.19062698364257813 0.13581369507987545
6 0.2942992528279622 0.09467066458936008 0.1547168731689453 0.03514836869149838
10 0.5035629908243816 0.6344524599471183 0.7630404663085938 0.1986743279223172
5 0.17849885304768884 0.09443175567770905 0.06965230305989584 0.04970114186124982
10 0.5083766810099284 0.2862835290297022 0.7864064534505207 0.07287216186523438
4 0.77758913675944 0.07779454735090147 0.3159795633951823 0.015050699126045659
12 0.7974701944986979 0.1948128916182608 0.07973317464192708 0.015384512127570386
12 0.8329574330647787 0.173367995136189 0.11444666544596355 0.013585414526597511
1 0.5088011296590169 0.1682221304695561 0.19956754048665362 0.02957407033668374
12 0.3553767270316449 0.4021673922268842 0.4595772293270097 0.015078814524524597
4 0.7945476786295573 0.142420953174807 0.20888214111328124 0.015048593845007554
4 0.730842793782552 0.05515893900169517 0.21735300699869792 0.01724133401546838
12 0.27550980869466957 0.19498048638397777 0.3143114983333174 0.01496820629767651
9 0.6650756581624349 0.5497079525353773 0.19389918009440105 0.11996531936357606
12 0.6332442474365234 0.213593563943539 0.0999176534016927 0.01440201165541163
12 0.5056234104337618 0.37574867465248346 0.7572855125064997 0.03130746372016549
4 0.7053500366210937 0.11725366790339631 0.1740305582682292 0.013837265518476378
12 0.27857542673746744 0.2298584074344275 0.3291365814208984 0.014786432374198482
2 0.5095379860408086 0.9175927504053609 0.7511620519969818 0.013697786151238144
12 0.4507790884199996 0.44729846652218475 0.6431171669913824 0.07006888008236022
4 0.6832273610432942 0.09733006639300652 0.12687240600585936 0.012187741837411557
4 0.2791087962962963 0.03993055555555556 0.4330787037037037 0.017361111111111115
12 0.2005902777777778 0.2113715277777778 0.1582638888888889 0.014756944444444465
12 0.6054513888888889 0.19401041666666669 0.047847222222222145 0.014756944444444428
12 0.4183564814814816 0.3485243055555556 0.588888888888889 0.0164930555555555
12 0.4355324074074074 0.48871527777777773 0.620787037037037 0.01736111111111107
12 0.2858564814814815 0.5082465277777778 0.31407407407407406 0.014756944444444428
2 0.4950347222222223 0.9032118055555557 0.24905092592592604 0.014756944444444428
