9 0.47228904724121096 0.30702578895970395 0.18237411499023437 0.1277776885450932
9 0.31529017448425295 0.5238021449038857 0.27297067642211914 0.1876194201017681
9 0.9462690353393555 0.1831092232152035 0.040932083129882814 0.10445978265059623
12 0.241126708984375 0.38129973829838265 0.1988536834716797 0.02119954427083333
12 0.22161801815032958 0.33574151825486576 0.15132782936096192 0.018638691149259867
12 0.33641380310058594 0.2907019899602522 0.4099354553222656 0.018306959721080044
12 0.23833296775817872 0.5173041092722039 0.20283870697021483 0.017578125
6 0.2560722732543945 0.07845520554927359 0.20943862915039063 0.02005864193564967
12 0.48835009574890137 0.13206079048022887 0.6727196502685547 0.039044055604098134
12 0.2625017833709717 0.4720172012061403 0.25003097534179686 0.01874732301946272
12 0.2557127285003662 0.564174371016653 0.23912546157836914 0.018577977230674343
12 0.4020511627197266 0.22286982619971557 0.45639976501464846 0.02007942868952166
12 0.21453269481658935 0.5637479547868695 0.1530034351348877 0.01702099181058114
9 0.9158501052856445 0.87547607421875 0.02021080017089844 0.08717426500822369
12 0.2903605937957764 0.5199013693290844 0.256122989654541 0.01961594966419956
12 0.48505008697509766 0.1807789585046601 0.6061043548583984 0.0400225187602796
12 0.36515040397644044 0.4763052957099781 0.2253081703186035 0.016033400150767544
