9 0.6887155510397518 0.6756142778616874 0.19539604635799632 0.13330078125
9 0.29475620045381434 0.6837744798488959 0.18429540297564337 0.1342432496892376
10 0.488726609173943 0.31481104737372356 0.6645868278952206 0.083401095061551
12 0.1907155833524816 0.7843930755954609 0.05431769875919118 0.021416082455624465
12 0.6325515926585479 0.6353620622176406 0.36242108513327204 0.02269688093121792
12 0.36900133918313416 0.14098622474637781 0.3686743523092831 0.018916512677769462
12 0.669200439453125 0.785402270236313 0.2918053481158088 0.023493888339392647
12 0.3191791579302619 0.7852650586104576 0.24861261704388787 0.024085026097358853
1 0.48101948457605703 0.06786092557491044 0.2056011962890625 0.032335188370468886
12 0.20803119883817786 0.5991563103564077 0.13573106653550093 0.022670357527133235
12 0.48112101835363047 0.46813058975519944 0.6738322179457721 0.0598458321916435
12 0.4838663437787224 0.41275750152875057 0.6161376235064339 0.02256087016814585
12 0.665440009622013 0.7472867549638446 0.28262741986443013 0.01950895572136976
12 0.2881703545065487 0.10481234796032934 0.20609430649701288 0.022411153905915845
12 0.2693925296559053 0.6724468195305817 0.2615854420381434 0.022297306892910606
12 0.6591553093405331 0.6728095323025823 0.26902293485753676 0.020481497941616765
12 0.3636514447402854 0.21623509964237264 0.4449102452850538 0.022483923580016274
12 0.26313998951631434 0.6353189355802903 0.24621844123391548 0.02224911574730004
12 0.5075696307669522 0.18040599447728423 0.6319046622367752 0.027220583247567355
12 0.6619319242589614 0.7075440445142082 0.27190146053538605 0.0281753213717654
12 0.40648654713350185 0.3787643523987182 0.42556450338924634 0.02220152503308116
12 0.48603266996495864 0.5617505049889061 0.6915513700597427 0.024381273724871685
12 0.5080494507446758 0.5259266364400397 0.6186882473789831 0.030406072414938354
11 0.4793234272875817 0.25173611111111116 0.21608353758169932 0.020833333333333322
