5 0.09351336161295574 0.12436829053650342 0.04088549296061198 0.03853020385918335
9 0.2842004013061523 0.5978328820430872 0.19782020568847655 0.16997947527732685
10 0.4979970932006835 0.687122075244634 0.8590183512369791 0.23018814681412342
1 0.4778761800130208 0.1641363939337572 0.16748697916666663 0.03744592707910579
10 0.4971321741739909 0.27129354105367287 0.8565522257486979 0.16955610443159272
6 0.15657856623331706 0.12518756971042738 0.08777238210042318 0.029711097177833018
9 0.6957470703125 0.6507790305397728 0.18548848470052084 0.15859681496888528
12 0.3501212157551943 0.5373909249794262 0.5769813844075804 0.02037697884255503
2 0.5037973149617513 0.8774884376691017 0.30257169087727864 0.017166291824494948
12 0.49066658655802414 0.41867591670753285 0.8467722574869793 0.037538514680848664
12 0.19680118560791016 0.5569406704813199 0.2607733917236328 0.0167932551660579
12 0.789682159423828 0.13098726919375114 0.26841013590494794 0.019678949793695888
4 0.8134237670898438 0.1092341479456958 0.21652140299479167 0.018336396540742244
2 0.49415301418390273 0.894364803314637 0.678244239169628 0.020285363697724865
12 0.48933697558777467 0.46645344587322946 0.8460312398274739 0.05560227871629239
12 0.1646598116556803 0.3906869599313448 0.200905392964681 0.014969466568587662
12 0.22698548634847004 0.5010178691208964 0.32327779134114576 0.016511551057449496
12 0.4450332973219778 0.37179498154387214 0.7672635000970968 0.017699114027949936
