9 0.2582520170507101 0.16330678164047568 0.2345947376800148 0.19279636301396455
10 0.47331383710350494 0.45475302413333807 0.7726788407900729 0.14471192899464833
1 0.4777731556709998 0.06586611453181743 0.4113251177122467 0.04347529980020785
12 0.3600903907995155 0.5926910563698338 0.5196124643106136 0.025538411269149405
12 0.49365704090000284 0.8188677446557842 0.7647225913237137 0.09500462709946006
12 0.26147295564467354 0.32037200694419554 0.3496125990792919 0.023965934730086486
8 0.17015985235273295 0.7669141810239273 0.11857757846297245 0.020081919632191324
12 0.4861044892413586 0.9755394145253966 0.7409262735335553 0.047810032462490444
12 0.7684877044733323 0.2688655444970554 0.15338946344205373 0.024021510319607704
8 0.1710590369497275 0.5482391450747801 0.14663551761370106 0.018928737815366973
12 0.24430442768367913 0.9101358582849531 0.2564546623299465 0.020723302065414756
12 0.38784170097049603 0.6175326636048619 0.5513703675417337 0.021642921750219243
12 0.46520703504672967 0.1842961419271646 0.7602499190309437 0.059293372473317785
12 0.7960115026255123 0.3096910995810039 0.09828672426428733 0.029637467970541856
12 0.48551041788959326 0.675576842888415 0.7644288109951332 0.057403984419796446
12 0.21534346144490335 0.6425740419906942 0.22343280840875454 0.019701803131570144
12 0.30773168400554274 0.9359026800966409 0.3697723221909153 0.0218460129670776
8 0.12595123888582044 0.5735948661780867 0.048008882282861605 0.018312133415758793
8 0.1924942447405261 0.7401378759914947 0.17328659085410977 0.0205863929305237
12 0.15451166191170557 0.718783737322606 0.09632882568137024 0.020202916696530963
12 0.30098978678385413 0.24621699855232823 0.44347004985983035 0.03556508755465166
12 0.739412985212816 0.5352392400805739 0.2305447382136555 0.021416293736262425
12 0.20863313796524577 0.27109685075392415 0.24947892208134106 0.02153722080615682
8 0.20492668360308872 0.3704634266891247 0.23232220647982127 0.0191932701554138
12 0.4491755167643229 0.5163816399530533 0.7159293753201844 0.02398681640625
12 0.46925014919704866 0.8837915356370653 0.6967059693049863 0.020809535221951454
12 0.10806105798421373 0.11284722222222221 0.04860162416514875 0.02083333333333334
12 0.19854280510018213 0.140625 0.2337014268366727 0.027777777777777787
