10 0.5005347887674968 0.7520167635515403 0.8483485921223959 0.19072459433316055
9 0.31108889261881517 0.6629876050903899 0.18881907145182292 0.13516029249435352
10 0.4865707651774089 0.3059372110954393 0.8313010660807292 0.13743784755327126
6 0.257271728515625 0.07482622020052507 0.16299097696940104 0.03945750647811528
5 0.13445232391357423 0.0711448384687234 0.07580034891764323 0.05281364748263246
4 0.7688219197591146 0.05381919987393781 0.3348488362630208 0.015899965548402326
12 0.24203726450602212 0.17951813467305983 0.32617212931315104 0.01507391183862189
12 0.8236625162760417 0.15512433888222935 0.12241719563802084 0.01548246410785693
1 0.48691088358561196 0.1508035343405195 0.21338475545247396 0.027779059387496297
4 0.68916259765625 0.09689152071261294 0.18570383707682292 0.013130893074505701
12 0.48705275194202174 0.4651691924904192 0.8061639027525161 0.02949990367437424
4 0.7877511850992839 0.12257832712471767 0.22243118286132812 0.014653246549633441
12 0.331172835267045 0.4948167484518472 0.5052754588197514 0.015082047448904018
12 0.23894694646199546 0.21699162343102046 0.34536827087402344 0.014942657326070053
12 0.48847635269165 0.5526715152998474 0.809827067057291 0.08536645537198366
4 0.7180079905192056 0.03020859103632199 0.23888819376627604 0.018217179447553734
12 0.6016056598750136 0.17895272124402076 0.10864003499348955 0.019868789822429244
12 0.15605194091796876 0.19813397484368056 0.17185139973958333 0.013449375098350489
12 0.48613732020060213 0.419104674558766 0.8136919657389321 0.05128680222080159
12 0.604375737508138 0.19927845633990393 0.10941879272460937 0.018102401805714975
12 0.48109130859375 0.6152194958727506 0.7997747802734375 0.04421935601257035
2 0.4878713404735814 0.9549932977034598 0.8030046741960671 0.028711689591972775
4 0.6679224537037036 0.07465277777777778 0.131875 0.02083333333333334
4 0.24543402777777779 0.016059027777777776 0.4469097222222222 0.02517361111111111
2 0.4578993055555556 0.9296875 0.23444444444444443 0.017361111111111143
