9 0.40024720766707533 0.5368783241149374 0.18927348396415902 0.14130974051684178
6 0.26607448469617334 0.06752690101878163 0.15659883782541215 0.04028830039044393
10 0.49930318408896013 0.6424409845114049 0.7982171111194438 0.2425874726586642
5 0.14935771451768573 0.06917480308428978 0.07313654777004643 0.053364403610323796
10 0.49026298841371363 0.2608590615252482 0.7905897544899051 0.06548632797410962
1 0.48498956747166505 0.1408361663629746 0.2039962284553031 0.03046326702103774
4 0.7762494222548649 0.10942534551632273 0.2171538644322569 0.014630792756899914
9 0.7366356953157606 0.5928753073636917 0.06203454324916527 0.1379949430600085
12 0.8217599961116835 0.1665173543545755 0.1191859173655311 0.01583666147201406
12 0.8183064914505949 0.14264429985961158 0.1177933681787354 0.013892627617042646
4 0.7129737459160449 0.01506574663744574 0.22953014341937084 0.018885922520358128
4 0.6858352890396755 0.08432593422266108 0.17976565353062393 0.013321922500289709
4 0.7611241921757617 0.038527162172296285 0.31388434663240816 0.015791059571821402
12 0.5073028207820325 0.18021342839829266 0.05034676935517529 0.0364914411962106
12 0.25381339810328407 0.211036446362697 0.3251340226060361 0.015389912797435103
12 0.7711471277405703 0.1869085097342398 0.12654039895594218 0.012867402971453955
12 0.48774029027954663 0.3450498811821543 0.7685726184574946 0.03332315495933325
12 0.49526831701721313 0.42408620477408837 0.7790742851855961 0.0719573949902726
12 0.3600600658978997 0.3182610039068533 0.5145768312007964 0.014888183442859627
12 0.25076779349535594 0.17363217498817016 0.3120343623552025 0.01540918904270317
4 0.6617898829592289 0.06300847698348415 0.12850631178917987 0.015118385569568913
12 0.35652501926499836 0.37418113680204135 0.5004140774853024 0.014011340618722966
4 0.2561135840068774 0.009072370965342292 0.44914828954833574 0.018144741930684584
12 0.17409875834724542 0.19357638888888892 0.16530589176405122 0.013888888888888893
12 0.42147140488777596 0.47005208333333337 0.6295692473567056 0.013020833333333285
12 0.27140648186792804 0.48697916666666663 0.3200603436282694 0.013888888888888857
2 0.4836076620756816 0.9192708333333335 0.15827159849749584 0.017361111111111
2 0.5000210130309776 0.9405381944444445 0.7163255309775551 0.026909722222222144
