1 0.501970499738357 0.11458333333333331 0.6601419413919415 0.05729166666666666
9 0.81115090266876 0.1618923611111111 0.09191849816849824 0.037326388888888874
12 0.3712552328623757 0.15972222222222224 0.4249738356881214 0.01909722222222225
12 0.40826138147566726 0.18272569444444442 0.5013736263736264 0.018229166666666678
12 0.5037611198325483 0.2282986111111111 0.6828231292517006 0.06076388888888893
12 0.5371863648089247 0.29079861111111077 0.4655605513868577 0.017361111111111098
6 0.24710557299843017 0.046875 0.08833725798011514 0.026041666666666675
5 0.17548076923076927 0.04383680555555555 0.0405873888016745 0.03385416666666666
4 0.7604166666666665 0.048611111111111105 0.1695120355834642 0.01736111111111111
12 0.4166179451333625 0.3133680555555553 0.22681120549465564 0.017361111111111088
12 0.5264426387713944 0.3368055555555554 0.45123560157808984 0.019097222222222286
12 0.5031642492040073 0.3806423611111097 0.6911793508855433 0.06336805555555536
8 0.23815247252747254 0.42317708333333337 0.15399332810047098 0.013020833333333285
12 0.46078623757195186 0.44487847222222227 0.6088108320251178 0.018229166666666644
12 0.5031642464678179 0.5017361111111112 0.6864043694400838 0.07986111111111108
8 0.2274087519623234 0.2894965277777778 0.13966836734693877 0.014756944444444428
8 0.22740875196232346 0.3129340277777778 0.14205586080586083 0.01649305555555557
8 0.22681187859759291 0.3363715277777778 0.13847462061747776 0.01649305555555557
8 0.2566555468341183 0.5568576388888888 0.19816195709052856 0.018229166666666644
8 0.276352367870225 0.6232638888888888 0.24471807953950808 0.019097222222222213
12 0.5007767530088959 0.58984375 0.6864043694400838 0.04079861111111114
12 0.47332057823129253 0.6584201388888888 0.5837421507064364 0.0460069444444445
12 0.50555173992674 0.7131076388888888 0.6935668498168499 0.06336805555555543
12 0.2548649267399268 0.7573784722222223 0.1969682103610675 0.019965277777777714
12 0.22144001831501836 0.7799479166666667 0.13489338042909474 0.01822916666666657
12 0.5359922815279958 0.8033854166666667 0.6493982208267923 0.019965277777777714
8 0.22502125850340138 0.8250868055555555 0.14205586080586083 0.018229166666666713
12 0.24531495290423863 0.8485243055555555 0.18025575614861325 0.018229166666666713
12 0.22979624542124544 0.8697916666666665 0.158768315018315 0.015625
12 0.40945512820512825 0.8897569444444445 0.4034863945578232 0.019097222222222144
12 0.39632391418105706 0.9140625 0.4822736787022501 0.020833333333333145
7 0.4918236525379383 0.9327256944444443 0.11698717948717949 0.014756944444444428
2 0.7693697671376243 0.9361979166666665 0.1348933804290948 0.021701388888889
9 0.9729035845107273 0.4457465277777778 0.04297488226059656 0.11371527777777772
