9 0.6733629355438089 0.23451604799592876 0.07059985389889128 0.05385455475550263
9 0.18555097714698107 0.19231895551289596 0.1762454693134014 0.13225712188302655
9 0.7513097167202218 0.1457694458634886 0.18487251796752355 0.12469558193259044
9 0.3674666496049291 0.2661501827849645 0.07263473438879758 0.05271547570076162
7 0.4983601472815689 0.9303340824771689 0.10492748218578296 0.02005618021368436
12 0.18441961099813273 0.28246987573632365 0.1206743728422108 0.022469002362255637
12 0.5625842467207736 0.2313595776144228 0.10991094999448096 0.022167641278271262
12 0.596235314194037 0.33073200591622964 0.16833615864464777 0.026675045762432223
12 0.15089110489729995 0.3299873386888199 0.04918675445125466 0.018308177930579338
12 0.6002162053034856 0.2827008652360472 0.1833910500423126 0.029339603093116794
12 0.684257088126717 0.18784472495997875 0.3656912284144427 0.027875665115983515
7 0.7765982731170894 0.9276481523905714 0.1333910883689413 0.02031780922249572
12 0.6627954216542384 0.4242785728141054 0.30612494021045916 0.034129242918807076
12 0.6484924987122253 0.4651486296631974 0.2714774762068289 0.026426863996949913
12 0.6043010813475029 0.379075855969294 0.18855503627232142 0.02832536392560288
12 0.5169732571824607 0.06762479320508703 0.6792736407646093 0.019389601058611598
12 0.5728832586219584 0.1359292252423012 0.13489373175652472 0.020449642721376463
12 0.15171182174323306 0.37714812744698023 0.050966810768402905 0.017917127914080337
12 0.28629562019046667 0.388778686523438 0.16780350760615206 0.026639267734196656
12 0.4671459680160617 0.09222078541098114 0.6251785009007089 0.02296564459256383
