9 0.715768309562437 0.7851155598958333 0.18662675426852318 0.12870916927306103
9 0.3089458834740424 0.7695862112270995 0.18465654926915323 0.1303337103694397
12 0.49067793815366684 0.589091035284342 0.6964829967867944 0.07262546614360564
12 0.49031330231697323 0.519137314795632 0.6985934842017388 0.03980790511610707
12 0.49462277812342487 0.13219259374665845 0.7028772169543851 0.041186774052341744
12 0.4900321099065965 0.22993335664051362 0.696890849451865 0.07067491690725691
12 0.49025783767631287 0.42576248869448596 0.6997074081434682 0.0758996794357713
8 0.22703056335449223 0.47780972652908466 0.11094510478358116 0.01854925751176219
12 0.49319137679000363 0.3534276139406455 0.7109770083041285 0.04239807912077629
8 0.24379172171315835 0.6435165383518676 0.1492658430530179 0.017127435976261762
8 0.21682235348609186 0.17368904246473568 0.14689679299631425 0.017922737811207942
12 0.5095485716743058 0.710530318088657 0.6714972898513635 0.04326057224268578
12 0.3524191170679565 0.6693359235769527 0.3505146475110134 0.020951679230824066
12 0.7022956109816028 0.8267781540713216 0.37004886750252014 0.1449201206961078
12 0.18495480469504727 0.09204706344843794 0.07913070186491937 0.017731052264889864
12 0.49719994061125056 0.29973955374685896 0.714531555623832 0.043857614709197676
12 0.2878554477486559 0.8263888888888888 0.35966586861559136 0.14756944444444456
