10 0.4971001577377319 0.7499873414914705 0.890291748046875 0.21662308482195108
9 0.34533450126647947 0.7206573486328125 0.19771120071411133 0.14767284607619383
5 0.0985019302368164 0.10227953450063643 0.07952638626098633 0.05988257476006555
6 0.2312350082397461 0.1031219753879733 0.1783129119873047 0.04657020997465326
9 0.73770751953125 0.7189964551604195 0.11302688598632812 0.14099252536502224
1 0.49740049362182615 0.17830919415763255 0.16858524322509766 0.03348218367787336
10 0.49738780975341773 0.350342933114549 0.8870791625976558 0.29817675392100723
12 0.20105826377868652 0.6284463146652621 0.28635730743408205 0.012754290291432584
4 0.8290007781982421 0.07492577627803503 0.21771591186523437 0.016627493869052844
4 0.871837387084961 0.09718941392077043 0.13579879760742186 0.016340148582887112
12 0.2868936775192978 0.5461019165953452 0.4587953094511512 0.013928074068790985
12 0.49743765354156494 0.5214019089602353 0.8799302673339844 0.0316686737403441
2 0.5000435184206963 0.944231778554206 0.8497529602050782 0.017679164472144196
4 0.18466952800750733 0.05454424704505263 0.21879997253417968 0.01697222034582931
4 0.8197935104370118 0.12087736594096551 0.24291786193847656 0.017306045646524607
12 0.38746184286112745 0.6109863452697073 0.6683821595383636 0.017108874374561094
12 0.4965971956019877 0.5786970580524661 0.8799784202109333 0.04464195175714571
2 0.48612149678101557 0.924708391396739 0.4887904255078315 0.01580444793129681
