12 0.49486587007166993 0.3893562064406326 0.70084859557071 0.08632302174166923
12 0.49633099091832333 0.8362375590615645 0.704601075401029 0.12017284487943755
12 0.4973532097102944 0.7020408297523256 0.7044873549343599 0.11625844989708084
12 0.495693022056007 0.5052131269525116 0.7005948489283823 0.05780593406279098
8 0.3217797559664368 0.31896074619733744 0.25573658423620044 0.021603886952657185
8 0.25410010681891265 0.6205793630373183 0.16347934085578086 0.020808968001497005
12 0.5063260611841234 0.2543001721515117 0.6994997629530494 0.024997916764127995
1 0.4878257031013544 0.1087879869446375 0.2726548312651332 0.032617286701708194
12 0.4520103694740277 0.2194111337000942 0.5790954294273986 0.02233519933486821
12 0.33303500491828086 0.28793783979195625 0.37834001222476543 0.02143038838617408
12 0.493250500235405 0.1427951388888889 0.4582377000941621 0.01822916666666666
12 0.45762344044256126 0.18619791666666663 0.5466910899246704 0.0234375
12 0.48603523383706304 0.45503651249398525 0.6512139345774063 0.02506931588831266
12 0.47850826859698686 0.5538194444444444 0.5860037076271186 0.02430555555555557
8 0.2997587099811676 0.5881076388888888 0.20393420433145007 0.0234375
