9 0.41161050415039063 0.7500526186852541 0.20121966552734374 0.1355207566545951
5 0.18782296752929686 0.08993374432297488 0.06210626220703125 0.044247875187387174
10 0.5094311218261719 0.34032529387546206 0.7335883178710938 0.18537472563563873
10 0.5147284240722656 0.7933531791340698 0.7299981079101563 0.1720939541781293
9 0.686242950439453 0.7934448578006791 0.19975128173828124 0.13475168849939823
6 0.29325421142578123 0.09254593829505216 0.13839739990234376 0.03462538791325922
4 0.7476280517578126 0.04408761854840768 0.2473653564453125 0.019320266282869994
1 0.49966758728027344 0.16322874990093328 0.21145327758789062 0.027634768899238094
4 0.7176968383789063 0.10684152154515829 0.18164208984374997 0.013923980838822857
2 0.4850172119140625 0.9194883322945323 0.2645545654296875 0.013875381490715268
4 0.7651908264160157 0.06590219311405901 0.27558270263671875 0.01417274422625892
2 0.49489892578125 0.9352479538530564 0.70213916015625 0.01870404312994326
4 0.6916526489257813 0.08581840746012481 0.1295570068359375 0.013816933192445946
12 0.3142386779785156 0.18975659020173336 0.32369390869140624 0.016688644640055452
4 0.14405033493041994 0.040152940658296485 0.19032998657226563 0.016759536617231827
12 0.7104858703613282 0.19174539600146684 0.29823516845703124 0.017837440459239597
12 0.32089527893066405 0.22692740963774505 0.34583795166015624 0.015382664403692398
12 0.7866794738769533 0.1706559602299288 0.13322003173828126 0.014899871700239643
12 0.6129256286621094 0.21138357296278584 0.11148321533203126 0.015549902410913858
12 0.22307273101806635 0.20805419753965354 0.14001066589355468 0.014807322002342676
12 0.492334945678711 0.6047078674400361 0.25132754516601563 0.01414260969201341
8 0.27084224700927734 0.5669453449065616 0.20985334777832032 0.013889527878374313
4 0.7527726745605469 0.1382796433145767 0.22463189697265626 0.015036676084159002
12 0.5258980569588836 0.6849205720211495 0.6703081036115297 0.030025267043500694
12 0.47622091674804684 0.4593332492665707 0.43266168212890627 0.015660177070796078
8 0.24344763946533202 0.4949048867415857 0.15459642028808593 0.014488209720490888
8 0.2254998550415039 0.4585655873546574 0.11996110534667968 0.014203434961206155
8 0.3218695051410505 0.6577165858125759 0.3104403042274136 0.014295953176044532
8 0.2237501678466797 0.604514288607129 0.11973483276367186 0.01375729903230313
8 0.2621856155395508 0.5494421285972962 0.18397068786621096 0.013928105119497937
8 0.2276469116210938 0.6770374870037934 0.12794500732421876 0.012789551788707876
12 0.5184655151367188 0.5325523072128611 0.2866612548828125 0.01488644942292813
12 0.4924827530605866 0.4772169068558176 0.6363661195741553 0.015849117399737777
8 0.23881178283691404 0.6216240506388626 0.14275863647460937 0.014594286639227991
12 0.4560361022949219 0.5324322098386992 0.3988703002929688 0.015021029004040575
8 0.23659350585937503 0.5314387094531788 0.14070172119140625 0.01394367873914632
8 0.311986083984375 0.531634261224424 0.28078216552734375 0.014669006431611073
12 0.5694852788071344 0.5513277329309769 0.4101477285185445 0.014970110403950314
12 0.7838150024414062 0.6070781429663321 0.1397989501953125 0.016180151266441713
12 0.5205979847579784 0.5047913856978594 0.67723681640625 0.029162379373710454
12 0.5134974670410154 0.5778489258173455 0.689243225097656 0.034177500742301616
12 0.5159419708251953 0.6344378389341664 0.6871286010742188 0.03334903848220427
