9 0.3941095893983203 0.7002123260498047 0.1966338124616592 0.13870010375976563
9 0.7565664242927251 0.6085629526774088 0.18872112600137125 0.13174769083658855
9 0.8028294164644377 0.700489018758138 0.07983109471979648 0.05104731241861979
12 0.5918734508628933 0.3143178685506185 0.7762870524276486 0.04534721374511719
8 0.28637526161951504 0.20204390843709308 0.15817669522679706 0.01975200653076172
8 0.3074000581032134 0.3519207255045573 0.19313740014479286 0.021019185384114583
12 0.772586955376987 0.7345984136390926 0.304131065174834 0.020120086669921874
12 0.5933395984817046 0.25296526066573377 0.7747470071629615 0.01984928353849841
12 0.43011511611057485 0.22726125081380208 0.4312197925312139 0.019544169108072915
12 0.46135815627029814 0.10208593050638834 0.3715756176250361 0.019704532623291016
8 0.2801128942476409 0.27710383097330726 0.1438445516326411 0.019542134602864584
12 0.805300001184054 0.650042495727539 0.2054469436751227 0.02051122029622396
12 0.32408238999012157 0.6240514373779296 0.12683567108788613 0.01999608357747396
12 0.2861464238331995 0.8559953308105469 0.05210074761723261 0.015956929524739583
12 0.2863226124337618 0.7820034027099606 0.05517677011659881 0.017744700113932296
12 0.35040340467633607 0.6821881866455076 0.1776725469505539 0.015752817789713543
12 0.6770498086343462 0.782260513305664 0.12066185226616628 0.018547719319661458
8 0.2793499900342135 0.17726760864257812 0.1402902052529139 0.018904495239257812
7 0.5843052676863814 0.9611359151204426 0.11352116186128752 0.01889495849609375
12 0.3495498199110494 0.42678202311197916 0.2798542260573037 0.01888763427734375
12 0.37598338138148635 0.879859619140625 0.22055656309766525 0.021130777994791666
12 0.3351695476998908 0.7068238576253255 0.14800724091210488 0.01586207071940104
12 0.33830821541660655 0.7306223297119141 0.15586243380575202 0.016159820556640624
12 0.6907283439371932 0.6247769927978516 0.15308202166480225 0.019482777913411457
12 0.5346105374218125 0.12842402776082357 0.6541198495170516 0.018814913431803373
12 0.2894493437804471 0.7556911977132161 0.057201817184342515 0.014856313069661458
12 0.3077468695871824 0.8307874043782553 0.09382210042129763 0.016392720540364582
12 0.7401965275647734 0.0674317423502604 0.46634510207671764 0.018921585083007814
12 0.4143158558059234 0.5746621704101562 0.4382491959710595 0.02131591796875
12 0.7283512670503752 0.8808076477050781 0.21870743044529445 0.01896209716796875
12 0.6462946092284028 0.6251968892415364 0.0625233286798138 0.019445699055989585
9 0.08880853542830046 0.3292506663004558 0.02663574042551512 0.10842122395833333
12 0.705097788751263 0.651238505045573 0.18224731163394922 0.017680562337239584
12 0.5316423911593986 0.3769028513738924 0.6452562715385032 0.02397824605305989
12 0.451719783614234 0.15282464345296223 0.4830299676300767 0.018407033284505218
12 0.32666847281863454 0.6491519419352214 0.13328428907152137 0.017189788818359374
12 0.3135107016754091 0.5013543680287488 0.2107517339340809 0.018402862548828124
12 0.3590343114134897 0.4513715616861979 0.29253542505841335 0.017260945638020834
12 0.3114277635168935 0.5252238018842332 0.2097530585238344 0.018367970784505208
12 0.34221035411855266 0.40104166666666674 0.2874807544264819 0.0225694444444445
12 0.35844880677444185 0.4765625 0.30792917628945343 0.02430555555555557
12 0.3199576652523655 0.5507817376039131 0.23094688221709006 0.018229166666666644
12 0.28687933025404155 0.8059895833333335 0.056533872209391836 0.021701388888889
12 0.6772036181678213 0.68359375 0.12028483448806775 0.019965277777777714
12 0.6892321016166282 0.7100694444444443 0.14915319476520408 0.02430555555555557
12 0.6423210161662817 0.7565104166666665 0.05533102386451119 0.01649305555555557
12 0.6934420708237106 0.8033854166666665 0.1527617397998461 0.021701388888889
12 0.7950827559661278 0.8285590277777777 0.36085450346420317 0.018229166666666713
12 0.713890492686682 0.8532986111111112 0.21049846035411854 0.024305555555555428
