10 0.49791868329048156 0.3412074978068723 0.8905539512634277 0.22139166708046434
9 0.6746095657348633 0.860560219974841 0.19078302383422852 0.1368135786325918
9 0.2776175379753113 0.8614134018030544 0.17157337665557862 0.12764892578125
12 0.8587300062179566 0.10228469331385727 0.16775383949279785 0.06556111136398747
12 0.12912421226501464 0.8675926079184322 0.1077686071395874 0.012025098207980226
1 0.49623110294342043 0.08898258101468706 0.1091341495513916 0.02114572471144509
12 0.5637624502182007 0.8548900539592161 0.10086588859558106 0.042217983094985874
12 0.13987942934036254 0.9395362638484288 0.13996512889862062 0.013646702308439264
12 0.4689465085336804 0.7500792590972958 0.8015211980205298 0.04883077299525919
12 0.3784544226205261 0.7881381778531502 0.6334455735135237 0.03193657214234557
12 0.10324318706989288 0.890297892942267 0.05390657782554627 0.01174123300670904
8 0.12144565880298615 0.042817574840481 0.16808910369873048 0.017112578914663886
12 0.4569011747837067 0.4805141298110876 0.8153265953063965 0.036177157816913844
8 0.13272038102149963 0.1296701420498433 0.14014952182769774 0.013486295366017831
12 0.8333015680313111 0.20747327211886474 0.11219649314880371 0.015688138627736582
12 0.35046374889845466 0.7022698181497169 0.580790396908581 0.014170639124293774
8 0.1086119812062663 0.634198032530013 0.09862866030758272 0.013704565015889826
12 0.4692164699510002 0.6098867923403907 0.8180423116720634 0.03085081036051412
12 0.12360270321369171 0.04333693940760726 0.16398195028305054 0.016617536814199328
12 0.4117551198621615 0.5855347714181677 0.37965264498789536 0.01163826635328391
12 0.1977366328239441 0.19138655150677522 0.2726055860519409 0.011525868561308262
8 0.11654762625694275 0.5191104005285575 0.12050575017929077 0.013006591796875
8 0.10221936404705048 0.55142822265625 0.09034221768379211 0.0134619416490113
12 0.5955599546432494 0.9312820348362465 0.1615527629852295 0.04939344158280367
12 0.4476733863353729 0.48943243511652545 0.7726107120513916 0.02183168917725989
12 0.22315222024917603 0.1736187433792373 0.33714230060577394 0.013248835849223164
12 0.2686130131176733 0.5524676306773043 0.22264103394913198 0.012547759147687158
12 0.21931484937667847 0.1549645720228637 0.3416482925415039 0.01470923127427613
12 0.47901182174682616 0.48625212416137004 0.7176023483276367 0.019540215616172318
8 0.18269660472869872 0.2101308359264654 0.24360957145690917 0.01209468518273305
12 0.4933826684951782 0.5394475387314619 0.6420052528381348 0.01591369284074859
5 0.13143920898437503 0.09375 0.18605550130208337 0.05208333333333335
8 0.10683186848958331 0.5685763888888888 0.09602864583333331 0.012152777777777785
12 0.2664794921875 0.5668402777777778 0.21366373697916669 0.015625
8 0.13564046223958337 0.5824652777777778 0.15364583333333337 0.015625
12 0.48674520957308715 0.6684027777777779 0.7886352539062501 0.046875
12 0.5167541503906251 0.6358506944444444 0.7046101888020835 0.0164930555555555
12 0.3006897357844506 0.7174479337755758 0.46693929036458337 0.013020833333333285
12 0.20045979817708337 0.8350694444444444 0.244873046875 0.013888888888888857
12 0.22746785481770831 0.8524305555555556 0.3084920247395833 0.015625
12 0.8564554850260419 0.036458333333333336 0.11403401692708329 0.02083333333333333
