10 0.4980644149780274 0.727990772168545 0.9053853149414063 0.22054257013101494
5 0.09065559768676758 0.09974663095839958 0.08174859619140624 0.06088861110991081
9 0.7035925598144531 0.7422516634330637 0.20501470947265624 0.14169775138562407
9 0.33853208160400394 0.6971811390204415 0.2053590545654297 0.14930324498179387
1 0.49973109436035157 0.17925843657997156 0.17607882690429688 0.03418971373971585
12 0.49267896181097387 0.46408579731421545 0.900457574730101 0.031469605323071886
4 0.17410300827026368 0.052231622656538065 0.22305337524414065 0.018611120263383803
12 0.49640762999121946 0.5128049845389526 0.8986585406767397 0.03234932522278752
4 0.8406862792968749 0.07686229019390095 0.2225667724609375 0.01875722654449553
12 0.4981860004975225 0.43313894212895204 0.8955715613399992 0.033569725900647926
12 0.4098643341064456 0.5542287868830372 0.7184243774414069 0.015482486192328608
2 0.47466119305660875 0.9040350449823704 0.4961491073046236 0.017355319672981193
12 0.4985220564979763 0.3977919892445858 0.9013943216048759 0.03102313273995615
4 0.8710940115265187 0.09928192149924664 0.16478036073602595 0.016262960293300047
12 0.28477656684004576 0.48995463053385235 0.4814675892571362 0.01354692397216073
12 0.4932146100339026 0.5960939570514159 0.8894530430154554 0.034017377195105065
12 0.3992538470807864 0.5372626512911252 0.7067666676655985 0.01854089683715401
12 0.19363020833333333 0.5716145833333334 0.30251041666666667 0.01649305555555557
2 0.4949635416666666 0.9279513888888888 0.7780520833333333 0.03125
6 0.22423437499999999 0.10286458333333331 0.18244791666666668 0.04774305555555555
4 0.8280781250000001 0.12369791666666666 0.24130208333333328 0.019965277777777787
10 0.49545331192016606 0.2889056360475433 0.9098374023437501 0.17556402605895097
