1 0.47968114675344287 0.09456488354789591 0.3754704335072377 0.04221224864059905
12 0.1775534059908297 0.11711913961112697 0.13615755419115405 0.02493275994082226
12 0.24621885603254623 0.16243988070905144 0.27077976719395175 0.03829340971717539
9 0.8571957424954252 0.34372853968758654 0.10006457262926989 0.07147216796875
12 0.6462020186690597 0.7523175109660508 0.11111056124483859 0.024586961646940752
12 0.4896395686152461 0.3169638210224815 0.7498787544869088 0.06910279739734738
12 0.4866040547688803 0.9179489794759655 0.809201535519895 0.14406277306980206
12 0.7447727650135488 0.7938976266719442 0.30264387617598065 0.037250573716950446
12 0.4827950394547379 0.3804531836694526 0.7257342639270129 0.04436789477782392
12 0.24853051675332558 0.15866598338383772 0.2710078242304805 0.025397502438702587
12 0.1769795174355263 0.7576466979642511 0.10364439680769637 0.02418992896940753
12 0.24019448678414743 0.6318736535766196 0.2393844192092483 0.027493938391126804
12 0.4876943364873663 0.22377892850113337 0.7484865847292607 0.05089970416536891
12 0.47945939026795303 0.43000083034931486 0.721452776018205 0.029746175510367522
12 0.7298495318438556 0.7114283159325686 0.27916357825110266 0.03132522937863372
12 0.2812930117617618 0.47092013888888895 0.31777871621621623 0.0390625
12 0.48137590715715717 0.5455729166666667 0.7155905905905905 0.10156249999999993
12 0.277173658033033 0.7209201388888888 0.3024782595095095 0.0390625
12 0.2895317192192193 0.7981770833333333 0.32719438188188193 0.033854166666666574
9 0.5055035504254254 0.65234375 0.07414836711711714 0.04774305555555564
9 0.6508578891391391 0.6597222222222223 0.06826357607607605 0.04340277777777778
9 0.5502279623373374 0.6180555555555556 0.06944053428428426 0.036458333333333356
9 0.2689349505755756 0.6319444444444444 0.0717944507007007 0.04861111111111114
9 0.356029857982983 0.7348090277777777 0.06708661786786792 0.056423611111111285
