9 0.41822955322265626 0.5531025942473623 0.1892222900390625 0.1324441934348176
9 0.7459217529296874 0.5391636576945861 0.1982579345703125 0.14173707975679542
12 0.7410212993620806 0.6867721424897494 0.3052132568359372 0.1568364781184355
12 0.5404857788085937 0.3744598519648605 0.6941669921875 0.10588246183163448
12 0.38148416137695307 0.6439024525480039 0.3827437133789062 0.24677993708925697
9 0.9873051452636719 0.7258636736562835 0.02292352294921875 0.10318473412073051
12 0.740484281539815 0.5430349773564673 0.30459686279296877 0.05480481149130454
12 0.46353981018066404 0.1043543344915169 0.5420307006835937 0.023421433521101577
8 0.33607827758789055 0.29609907202113506 0.28499188232421874 0.02534722804341023
12 0.5408506927490234 0.16242260039279047 0.6956580810546875 0.06141076476788828
12 0.5401385955810547 0.2380149743076046 0.694831787109375 0.06193252148716917
