10 0.5129423762621803 0.7757481204841535 0.7400172903661574 0.22796080409689967
9 0.41535646438598633 0.6977174524497818 0.19443737030029296 0.1351795955425232
5 0.2301740550994873 0.09120821088526125 0.07126382827758788 0.050210306857351075
4 0.786708984375 0.07148964272253709 0.3229402160644531 0.015756507556486932
4 0.7027992630004882 0.11312290127566176 0.1406116485595703 0.013533830853503537
10 0.5319167305920007 0.3006362442839577 0.7338318971581227 0.10621315225049738
6 0.34688836097717285 0.09254715950693523 0.1575160789489746 0.037831138658059794
1 0.5325063133239746 0.16410080212391553 0.19877468109130858 0.02570562253053161
4 0.7400437736511231 0.04903000883040019 0.2231125259399414 0.017095796836360592
4 0.2886781597137451 0.03897821576483581 0.4337306976318359 0.016649247902247043
9 0.6883044052124023 0.8377963470000276 0.19826850891113282 0.11262513556172635
12 0.8012101745605469 0.19123613676278597 0.07985244750976563 0.016894569025958775
12 0.33116181373596193 0.19173783522385818 0.31959104537963867 0.015862894100388207
2 0.5056304359436035 0.9069830424800371 0.14983364105224609 0.013032543880553714
12 0.33570079803466796 0.22792082903766717 0.32914329528808595 0.01349554222100188
12 0.513063847705145 0.6217133027067443 0.6709656578611934 0.033638681804680576
12 0.6255460166931153 0.19155619357351072 0.11711933135986329 0.0159870825648624
12 0.5133165359497069 0.541181634868208 0.6649927520751951 0.047294336166843524
4 0.6919548797607422 0.0921094002289439 0.12720779418945313 0.014621286029630167
12 0.616459846496582 0.210737044573041 0.10792823791503907 0.016167354836704242
12 0.5228767395019531 0.4406936874861847 0.669029541015625 0.03128950285974801
12 0.7725105667114258 0.16884519946353818 0.10981758117675781 0.01304345843435704
12 0.41872991546293503 0.5045467683638654 0.4755383685370206 0.014570079368368717
4 0.7450148582458496 0.1369752757429128 0.21518436431884766 0.014195827548215073
12 0.25424186706542967 0.20987511861651056 0.15736778259277343 0.013988788311298078
12 0.517965202331543 0.47722438876340073 0.6636186218261719 0.029926870061063218
12 0.5174566268920898 0.38704718497872465 0.7045430755615234 0.03151783154771773
12 0.3296475791931152 0.5957542574584853 0.30240573883056643 0.014611902751298629
12 0.5121043777465819 0.5790552365034148 0.6609950256347656 0.014695448622988338
2 0.5161391733791337 0.9225607415830771 0.6966777226737949 0.013770200424126789
12 0.5188057136535641 0.4164670983743621 0.6746371459960935 0.016096234700214866
