10 0.5000029436747233 0.6138163152730689 0.8443442789713541 0.18062836269162733
9 0.305471248626709 0.5954550617146042 0.1884838740030924 0.1325976533709832
10 0.5010578473409018 0.26589150698679803 0.8445048014322917 0.18281328453207915
5 0.11733759562174478 0.1197968159081801 0.05399983723958333 0.03914899646111254
1 0.49297420501708983 0.15769330960399697 0.16090899149576823 0.030814935576240973
12 0.7961424763997396 0.12862061554530882 0.26250264485677083 0.017321964479842276
12 0.5051188661167323 0.36681490784827026 0.8453516130627584 0.014059223931910426
12 0.1678355534871419 0.04086694177591576 0.19212445576985676 0.034026982649317326
12 0.49381933872598055 0.4014703077758208 0.8231809992651601 0.02465269199069096
6 0.2044542376200358 0.12064714701670522 0.1181723149617513 0.027526666533272223
2 0.48925264939781316 0.7474437929549284 0.47219019462895967 0.013419529177107876
4 0.8205410766601563 0.10782059633506919 0.21713338216145833 0.016975879669189453
12 0.500707047889399 0.4525829738417968 0.8407434588476671 0.039137755775244025
12 0.22315087000528966 0.5113450470145042 0.293506622314453 0.012911539870607992
12 0.3123760161718656 0.42393729371844613 0.4615281673429548 0.0141960359969229
12 0.3600465108220892 0.4834624956238902 0.5695274807131568 0.011660953737654722
12 0.18096064814814816 0.3819444444444444 0.19752314814814817 0.013888888888888928
12 0.3674421296296297 0.49869791666666663 0.5827546296296298 0.014756944444444428
2 0.505462962962963 0.7717013888888888 0.7066666666666667 0.03125
