9 0.984902337686905 0.7172146044750146 0.026358193909095613 0.09634596186254395
12 0.4302775401942778 0.8053381004199334 0.4365359678963162 0.025584606604447536
12 0.4524809477345043 0.5464613132991097 0.5066032157039011 0.0240263139516779
12 0.28396509183163676 0.10198255943665052 0.2684479770281457 0.02379148422903081
12 0.511489312380355 0.7685877094514764 0.6647115543188639 0.026521528451970987
1 0.5059272058752199 0.21294861913146612 0.46001353484905316 0.03760051839097304
7 0.5095632186788597 0.9421809600078765 0.12369461564828228 0.01832958011247069
12 0.4730371892057507 0.4713562119049036 0.5371596986884313 0.025734117693526525
12 0.5122204205847735 0.397867325741409 0.6156312045672082 0.02416362516485932
12 0.4734581701013426 0.4873403390434954 0.5423944738527008 0.05752220019645736
