12 0.4782332417692647 0.12868158844695693 0.7879369199109941 0.10322200292828439
8 0.19140578777345107 0.20596177550567976 0.13642899239627765 0.019172376143064534
12 0.2531430448994331 0.6351986004474977 0.3181388876232264 0.017831385820761495
9 0.7119511468828886 0.49969412266522995 0.23052413217868645 0.10058383283943967
12 0.24868605462289456 0.765519825434776 0.3132562663893846 0.015582088309686304
12 0.5525502281932778 0.7882123925220007 0.12530861857209696 0.015528653316570879
12 0.6355563192978543 0.7639684859820253 0.2865026787463005 0.015497024945372367
12 0.2288195256735289 0.7387805807179418 0.27631575815524895 0.016386419420498084
12 0.1543129732349789 0.7915225851124731 0.12188901343385489 0.01583061364418702
12 0.14707072797259912 0.6875292313966714 0.11372104527890516 0.01645154697228209
12 0.16089290629522382 0.7135657825689207 0.13416180836457064 0.01670860787461087
12 0.6755737474701863 0.6339819897180317 0.36481290939458566 0.016299076007243774
8 0.22942670009262384 0.33600717303396643 0.20844623703810497 0.018472868820716595
12 0.3581745392100725 0.6596193569373354 0.5231973547125262 0.019129552146940853
12 0.5773440177726215 0.7374354395373115 0.17607822258824427 0.015304331578514128
12 0.47535028696724296 0.4253228286216999 0.7711752038812238 0.038115139665274786
12 0.4763495463846786 0.37650356073489133 0.7737776137328082 0.04211025311115601
12 0.5961283309213963 0.912580292800377 0.22819812317744603 0.02841092982968151
12 0.5567444612720882 0.7111290533423881 0.13515742309910342 0.01821519405905771
12 0.2506769546891321 0.2840539924943128 0.2502789935693767 0.01947910118833812
12 0.4551889424868613 0.4679521582592493 0.7444129880092271 0.022356815265056274
12 0.6614645105218488 0.5726626458295917 0.3371279405684192 0.04859602771042864
12 0.468414699798839 0.5300428894744522 0.7691534780858287 0.07226685271866021
9 0.23806412040689195 0.5651334857575281 0.2801639057467575 0.1096683078342014
8 0.1826830149361018 0.23226835901253068 0.1240724228882856 0.0203184076652673
12 0.18763417320995276 0.25837083429212315 0.1293826514963984 0.01852010675773767
12 0.24379348754882812 0.5994885324061603 0.23694878368324557 0.0331585763514727
12 0.22090030978317046 0.3106611843766837 0.1924412974408078 0.019144197076673253
