9 0.6525591778498824 0.8748560259419103 0.18169821462323588 0.13652383127520162
10 0.46563140294885125 0.6292637240502142 0.7306059150285619 0.3715049989761845
9 0.2788797296503539 0.8278042270291236 0.17171492627871934 0.1393909454345703
10 0.4611363872405022 0.2792849309982792 0.7134775961599042 0.33107523764333424
12 0.6936625613961169 0.07901784681504773 0.16816272530504453 0.01692208936137538
1 0.4607353825722971 0.09376743916542299 0.20494264171969503 0.028188267061787266
9 0.974231966080204 0.07840608781383883 0.05121793029128864 0.15681217562767766
12 0.19209562322144869 0.8779619893720073 0.18762764879452284 0.018039703369140625
12 0.14455842971801758 0.8389727069485572 0.08862808186520812 0.018798458960748488
4 0.24131944444444442 0.06901041666666666 0.2650462962962963 0.019965277777777776
12 0.12615740740740736 0.9149305555555555 0.04629629629629628 0.019097222222222144
12 0.5156249999999999 0.8454861111111112 0.10069444444444436 0.022569444444444572
12 0.527199074074074 0.8823784722222223 0.1168981481481481 0.01649305555555557
12 0.49652777777777757 0.9201388589482978 0.05787037037037036 0.015625025663363677
2 0.13599537037037035 0.94140625 0.08680555555555552 0.018229166666666855
