9 0.6879889526367187 0.6941467953424383 0.20758837890624998 0.14705369489906478
9 0.3441625137329102 0.6899204226305885 0.19334373474121094 0.138108836821396
12 0.494845443725586 0.18668308675724227 0.7329287719726563 0.09927568644502738
12 0.6171442718505858 0.8965693341554517 0.2149936828613281 0.021794184106979926
12 0.496604034423828 0.28492299810814414 0.7334874267578122 0.07442033614557636
12 0.4930164489746094 0.10507787996835084 0.7326326293945313 0.04633818020785812
12 0.26883383941650396 0.8984022154425182 0.20725950622558595 0.020706867301551093
12 0.3655003509521484 0.3684904446567062 0.41078533935546874 0.018208346401687957
12 0.5022808837890625 0.4914701364336222 0.7214344482421875 0.044471729584854014
12 0.3790450897216797 0.6177391553447195 0.4317040405273438 0.020030802705862227
12 0.5271056963616768 0.8425183372776007 0.712902036033901 0.023325943772810206
8 0.2862546997070312 0.3411894304038834 0.24011175537109375 0.019356586985344433
12 0.33288404846191405 0.7941097064609945 0.31504110717773437 0.03810179773038321
8 0.2605706024169922 0.5919654790502394 0.1877093200683594 0.019487367059192517
9 0.9771361389160157 0.7179043735030795 0.04007476806640625 0.1495212527087135
12 0.40981100590883046 0.45203489874401187 0.551756406151088 0.01795489457401915
12 0.6575961914062499 0.7568758999344206 0.282858154296875 0.021032893048585768
12 0.3015660705566406 0.6497564162651117 0.25756536865234375 0.020538508282960766
12 0.28984249114990235 0.6764076177221144 0.23877833557128905 0.02033882976448449
12 0.44417250061035135 0.39603963851929846 0.5647663574218745 0.015614360335947326
12 0.6603090209960938 0.6761442309748518 0.292225830078125 0.07597731987055201
12 0.6532308327023997 0.78422891658588 0.2782211959233253 0.02087821125114049
12 0.519707015709431 0.4233653938683279 0.6981140666907271 0.01822817168966696
12 0.5005521656780807 0.5487941607825694 0.7192123413085938 0.05020894516993613
12 0.20930555555555552 0.7039930555555556 0.07611111111111107 0.017361111111111143
