9 0.20361017297815395 0.15555328369140625 0.13330908446570067 0.18419900333180148
9 0.20863627898387416 0.7706494858685662 0.13358697701043892 0.1839120423560049
12 0.8304544562967413 0.15139488070618873 0.058031809228098294 0.02124593098958333
10 0.4945941637743422 0.5324466907795163 0.9129318746707008 0.6744050253037126
1 0.49777793775596507 0.14212264715456496 0.3309587701433404 0.039181937423406865
12 0.7149767826254109 0.18210999133540132 0.17646865474561563 0.02424817851945464
12 0.7574230226696046 0.21199707629633885 0.09679967114049144 0.02250094544653799
12 0.4911698242938309 0.9028847345985623 0.8945283749722543 0.05383626762885636
12 0.1823859884271877 0.18079851935891533 0.27083290698146767 0.026260723039215693
12 0.8811561693153489 0.18237641577627145 0.057944516782407404 0.022520763920802697
12 0.417482787274454 0.18098958333333337 0.1210826210826211 0.01996527777777775
12 0.5483403074548907 0.18185763888888887 0.08765877255460602 0.018229166666666678
