5 0.17663568496704102 0.08954438348594054 0.07267452239990234 0.050817580136685046
9 0.4191803741455078 0.20700973102612366 0.19767723083496094 0.13716581013821857
10 0.5230238437652588 0.352851558287047 0.8257485198974609 0.36229952663260356
2 0.5006343078613281 0.9203542292992342 0.16347007751464843 0.016122128451251078
2 0.5052575588226318 0.9368022296632335 0.7369511413574219 0.019101318148727352
9 0.9544247436523438 0.4944169157224034 0.06449325561523438 0.14549680616034835
6 0.2958515548706055 0.09256845100672724 0.16494918823242188 0.03925545324633305
12 0.8074281311035156 0.07743529351854037 0.32891738891601563 0.014396489746515046
12 0.7117694091796875 0.11869523029475504 0.1499043273925781 0.015468264983788555
4 0.8056952476501464 0.07749074322072672 0.33193378448486327 0.014754649994186126
12 0.2776808214187622 0.03491263763980684 0.45854774475097654 0.018649041189830604
4 0.7604283142089844 0.053530168903604264 0.2415264892578125 0.01748149039109685
12 0.7066500282287598 0.09630884560559513 0.1351279830932617 0.014424775776110198
