10 0.5052804183959961 0.46098398317758005 0.7021572113037109 0.39178433535209467
9 0.8907818984985352 0.6983302477594943 0.1268877410888672 0.1261402653305234
9 0.9375566101074219 0.5286178519572051 0.10088302612304688 0.13372528325634367
5 0.26697253227233886 0.09219663171309107 0.05178262710571289 0.039597333722716566
4 0.7522258186340331 0.0694132258305216 0.2984176254272461 0.015371372870809917
4 0.7083404541015625 0.04792097197349888 0.21597671508789062 0.01761662537785252
1 0.4804817771911621 0.16989076841321457 0.1868740463256836 0.02950774010044136
4 0.15479607582092286 0.035858162958767065 0.16956802368164062 0.016090895456146045
4 0.6597373580932617 0.09030567138006643 0.12388236999511719 0.013998213515944314
4 0.6785796546936035 0.11031298936225412 0.16509075164794923 0.013504742060218693
8 0.22519819259643556 0.683835479154249 0.11116527557373047 0.015255740076492962
12 0.7488038635253906 0.1743270291944291 0.13316986083984375 0.01632558768928105
4 0.7175666999816894 0.14252449749384438 0.20488780975341797 0.016264275352484956
12 0.2420286750793457 0.2340602684194234 0.1548341369628906 0.015614120663565793
6 0.20472728729248046 0.09175860329609802 0.06043167114257812 0.040053392734233084
12 0.6631777000427246 0.23356190472705918 0.3083713150024414 0.016195576154135444
12 0.30837559700012207 0.2145761599008004 0.30475070953369143 0.017878394685584127
12 0.6646621131896973 0.21312867458249957 0.30294429779052734 0.016726640221425126
12 0.4756229098783097 0.717813434652801 0.38053518610275433 0.0144700995366428
2 0.47971746444702146 0.895151108855231 0.16312847137451172 0.014380625656363534
2 0.28156304359436035 0.9103136331140724 0.14347471237182619 0.01399307181681426
12 0.40213647842407224 0.7885188202830843 0.44546180725097656 0.016531768438493414
8 0.22829684257507324 0.7200767801199903 0.11514894485473633 0.013554405884565168
12 0.35352994918823244 0.8613636595460092 0.3702069091796875 0.014799888950386014
8 0.30067212759633516 0.754926080383245 0.2579501283005803 0.014710803122871239
12 0.47511843225447875 0.8438016387357359 0.598107538642258 0.01420533667901338
12 0.6269551318082347 0.7529720506116908 0.3802147903686546 0.01526788058441187
12 0.4203119022695693 0.73612745911631 0.49647397378117425 0.014888319468838512
12 0.33390025705565735 0.7726819889855104 0.2602107924316276 0.01441178074974454
12 0.4916028950002815 0.8162534383102473 0.6574686431884768 0.02955930954104223
2 0.5726663589477539 0.9089500988536698 0.3833472442626953 0.014028938979478883
