10 0.5200496978759765 0.5742485583990232 0.68103271484375 0.296335612101176
1 0.5081472625732422 0.14841086574937631 0.5516917114257812 0.11280873082745738
12 0.5137660522460937 0.2277717304372716 0.22678552246093753 0.020862379174182443
12 0.36039526367187497 0.3121655648616121 0.4299171142578125 0.0239980717648988
9 0.9870859680175782 0.5428182896466806 0.02582806396484375 0.12623987383749533
12 0.32442527770996094 0.2660497868436388 0.3491754760742187 0.025102217872997094
12 0.5066910247802735 0.8850436232079274 0.7173276367187501 0.023966776377436282
12 0.5206684875488281 0.8423695256863755 0.7483560791015625 0.02621418782796102
12 0.5129421844482422 0.3588880341628502 0.7418999633789063 0.02623127675664121
8 0.25453667449951173 0.4009019202556925 0.2227744903564453 0.026441125140554723
12 0.5257256944444445 0.7530381944444444 0.7364791666666668 0.025173611111111143
12 0.20322656249999999 0.7964409722222221 0.08916493055555554 0.0234375
