8 0.23518484477124182 0.08680555555555557 0.13848447712418302 0.02083333333333334
12 0.492455551352922 0.1488715277777777 0.7389818711503646 0.07899305555555546
12 0.49126174428104574 0.2300347222222222 0.7413694852941177 0.07291666666666669
12 0.491858660130719 0.2986111111111111 0.7377879901960784 0.04340277777777778
12 0.5103630514705882 0.34201388888888884 0.7007792075163399 0.022569444444444357
12 0.368297079248366 0.36848958333333326 0.41903492647058826 0.0164930555555555
8 0.23876633986928106 0.39626736111111116 0.1504227941176471 0.021701388888888857
12 0.5921405228758171 0.40104166666666674 0.5372242647058824 0.0243055555555555
12 0.47216043709150335 0.42447916666666663 0.7007792075163399 0.026041666666666713
8 0.2656275531045752 0.45182291666666663 0.20653288398692812 0.018229166666666713
12 0.6213893995098039 0.4539930555555556 0.48350183823529413 0.0225694444444445
12 0.23220026552287584 0.47873263888888884 0.23040951797385623 0.016493055555555643
9 0.306814746732026 0.5633680940506016 0.21727736928104568 0.15277785476786884
9 0.6792902369281046 0.5802951388888888 0.18623774509803923 0.13454861111111108
9 0.8941209633643293 0.674477814044328 0.08344771109630936 0.15885416666666688
12 0.31099315767973856 0.53515625 0.2948764297385621 0.018229166666666713
12 0.29427951388888896 0.5625 0.2686121323529412 0.017361111111111143
12 0.21847120098039213 0.5915798611111112 0.11222017973856208 0.0164930555555555
12 0.21787428513071894 0.6180555555555556 0.11341401143790847 0.015625
12 0.265030637254902 0.6462673611111112 0.21488970588235298 0.0164930555555555
12 0.26443372140522875 0.6753472222222223 0.2065328839869281 0.020833333333333287
12 0.34083895016339866 0.703125 0.36173100490196075 0.019097222222222286
12 0.2071297998366013 0.7309027777777779 0.09192504084967318 0.015625
12 0.6649642565359477 0.5373263888888888 0.23637867647058827 0.015625
12 0.5825898692810457 0.5655381944444444 0.07401756535947712 0.019965277777777787
12 0.5999004289215687 0.5950520833333333 0.11341401143790861 0.02170138888888893
12 0.6034819240196079 0.6223958333333334 0.10863868464052302 0.015625
12 0.5813960375816994 0.6475694444444444 0.06924223856209152 0.015625
12 0.5855744485294118 0.7282986111111112 0.09670036764705876 0.02083333333333343
