12 0.5042912305983822 0.5705471038818358 0.6972723766765764 0.042371368408203124
12 0.5011904961239976 0.7586423611466508 0.6988068437154314 0.040238213504240006
12 0.5070422687361725 0.29287090301513674 0.6981962760992809 0.054260482788085936
12 0.5058358251521018 0.20338759422302247 0.7027484184872788 0.06698583602905274
12 0.42227341643476907 0.10862240314483643 0.48114591615389934 0.01832404136657715
12 0.4985869648489652 0.8421976089477539 0.7002685546875 0.06111412048339845
12 0.5038067843006775 0.6413601684570313 0.6946258274854812 0.04179534912109375
12 0.7022466068774197 0.08044477701187133 0.27335880245782634 0.015867342948913576
12 0.502882884877973 0.6878880691528321 0.6944532546321903 0.038101577758789064
8 0.2620258162506914 0.5322670555114746 0.14764053209693032 0.018182640075683595
12 0.2891504068290238 0.4146584510803223 0.19727043219372234 0.018726463317871093
6 0.27895989395393966 0.053932673931121826 0.22519461032563604 0.02482149600982666
12 0.512447825796054 0.14359799975606724 0.708576082108805 0.03995583761638271
12 0.2529230708569552 0.3681118774414063 0.12434508737209624 0.01790771484375
12 0.45232942294230505 0.5087080574035645 0.5780749835799226 0.017481346130371094
8 0.33004297577174363 0.3449300765991211 0.2816186955544801 0.019127349853515625
8 0.34419007427924503 0.6044276237487793 0.3142485762064436 0.016139411926269533
12 0.3836865315395119 0.4631793975830078 0.4681533138308904 0.016776123046875
12 0.6714330352513136 0.48654966354370116 0.3549982391627489 0.01676807403564453
12 0.4024267551118294 0.7936180114746094 0.446453857421875 0.0152374267578125
8 0.28688207980805797 0.7220356750488282 0.19951265048136754 0.01822723388671875
12 0.20237133735049087 0.48584184646606443 0.09922142366392422 0.017025184631347657
12 0.7146069011857026 0.4401728630065918 0.2757914045215708 0.01856098175048828
12 0.2590669007427924 0.4396035575866699 0.14747553462475801 0.019353599548339845
7 0.8437807276302851 0.9006076388888888 0.020894788593903684 0.016493055555555428
