9 0.7182492065429688 0.7560029184841062 0.243443603515625 0.18526982440547324
9 0.3355928707122803 0.8648833061495429 0.13722749710083007 0.14606360586833772
12 0.11043761253356933 0.7568450402575287 0.11465295791625976 0.015494177036030114
12 0.8848493576049805 0.07166628719059961 0.17299339294433594 0.01632219245283371
12 0.08355144023895264 0.7866676286803148 0.0638807773590088 0.01470638005273064
10 0.495642306804657 0.23227013319901707 0.9424655914306641 0.07435254886546964
12 0.08888946533203125 0.7199874790403173 0.07703147888183594 0.014833118446014579
12 0.1244544267654419 0.8454963581967764 0.15111263275146483 0.01383893394105521
12 0.27841111183166506 0.7164860683463042 0.1627797508239746 0.016527981876643165
12 0.21541731119155882 0.402239549684251 0.3689356231689453 0.014903343886307959
12 0.8846796417236328 0.029890591054300048 0.16600814819335938 0.01564370514557877
12 0.1268492555618286 0.8826902254589656 0.14312055587768555 0.01475142703229565
12 0.8824540328979492 0.05059705774369249 0.1745134735107422 0.014929631016222515
12 0.8675145339965821 0.166150051138825 0.11415290832519531 0.016940406813904157
12 0.08971007108688354 0.7377354054788331 0.07224096775054932 0.013396983392835803
12 0.22519405841827392 0.13927289040093213 0.4009061050415039 0.07928259650790213
12 0.12161079883575439 0.8245339329794306 0.15338266372680665 0.01378781845647108
12 0.1261989450454712 0.8638835782986526 0.145613431930542 0.014856342147914673
12 0.3099410057067871 0.7354999491179194 0.22711254119873048 0.01557540164167065
12 0.2865105596803603 0.560155010869116 0.4974829298758183 0.016317743188336516
12 0.6363712882995606 0.8462259208722962 0.1856410598754883 0.014841287587386474
12 0.4026219820168647 0.2930350075716271 0.747957663697591 0.03966468242112811
12 0.12708166599273682 0.9023204679470902 0.14816076278686524 0.014630932197060232
12 0.6451837158203125 0.8662976179250569 0.2096929931640625 0.015974580899707217
12 0.6688735008239746 0.7316430348967046 0.2634022903442383 0.015721337517178538
12 0.08762845993041993 0.6579739514090136 0.09349702835083008 0.01575529780488169
12 0.4833017116185201 0.6152106261390113 0.8839258087881072 0.06219540772884798
1 0.505713768005371 0.032505131132516074 0.11782333374023438 0.02169363448542345
12 0.44489763559754336 0.35844613004192943 0.8295896685492127 0.025652018884818554
12 0.5050114822387696 0.0328311801640527 0.11602066040039062 0.021702383489955224
12 0.65854341506958 0.7520678430852654 0.24227657318115234 0.016175250022406787
12 0.4845206294951631 0.449340486144637 0.9036101463441462 0.03951119279073709
12 0.6647456169128418 0.8986134282945447 0.24047016143798827 0.0151214307854326
12 0.6182105255126953 0.829542141799489 0.15958526611328125 0.013995781455395555
12 0.6704724884033203 0.7148670320529098 0.27714508056640624 0.019186979042184513
12 0.6356404601327916 0.8114505040504832 0.19504241943359374 0.015366213271540394
12 0.4813363193143037 0.513002608818087 0.8900334167480469 0.08399560756938636
12 0.6667186546325684 0.8829246506408341 0.24809497833251953 0.04597149296426864
9 0.24758052825927734 0.035053527662904496 0.050028419494628905 0.06999529661685513
12 0.13534061908721923 0.38311687345486534 0.18931243896484376 0.014112512650498924
12 0.2360156141781139 0.4220952896497444 0.40847063761220925 0.015867827727279505
12 0.6655616760253906 0.8821633450159836 0.2470722961425781 0.01422270853250478
12 0.2990666790738906 0.5761291912363313 0.5206666143863997 0.015117988075854431
12 0.11953526973724365 0.8270209988945985 0.15255264282226563 0.012767434348111855
12 0.2993101692199707 0.8606993636939083 0.06558055877685547 0.012744735805299952
12 0.8606923675537109 0.009788896681929638 0.12926193237304687 0.017318878757338223
12 0.4316655611160877 0.33330637201577207 0.7978507472746614 0.028336754336494244
