10 0.5062503170967102 0.7190649985356226 0.9624822998046875 0.23248081152623568
10 0.4890972372889519 0.3401793777771869 0.9781089782714844 0.2229301357906891
9 0.3343126964569092 0.6910412049680636 0.21430765151977538 0.15915870119985673
5 0.03947261590510606 0.12999781086656628 0.07834268569946289 0.072049764871825
6 0.1804518222808838 0.12787823463010015 0.1952833938598633 0.05600679501421472
4 0.8493938827514649 0.06716964124153085 0.25079658508300784 0.023476863886588165
1 0.4766935729980469 0.20201886895734467 0.18987892150878907 0.038610084919897626
12 0.49379988193511964 0.4703403826315515 0.9559915924072265 0.03335772407772206
4 0.8333221054077149 0.12131178162728704 0.27101234436035154 0.022408398880544113
12 0.4863509987517788 0.5214899841783871 0.9568151092529282 0.05392268549410542
4 0.8931202316284179 0.09279404852429 0.1550023651123047 0.02097766515518669
4 0.12632014393806457 0.0709926710884801 0.22317230224609375 0.021731189920886313
9 0.6658558082580567 0.6822890142315096 0.21939022064208985 0.15479314270311006
12 0.17955402851104738 0.5938825343149324 0.3139366149902344 0.016941482267042743
2 0.49064868030820646 0.9035132624777313 0.5127983240018211 0.0203316589554116
2 0.5051418424142685 0.9264761440774332 0.8696820784595184 0.031005714061280318
12 0.3499093678254868 0.5684234682794967 0.6592620950259735 0.03504436436428178
