9 0.4136285209655762 0.28511969530772996 0.18319774627685548 0.12985889441590115
9 0.9803314971923828 0.5945222085576709 0.03687179565429687 0.10465144264126332
12 0.7300111389160157 0.44758646610998554 0.35720230102539063 0.0204087252303508
12 0.7013566017150878 0.1044287978014768 0.24613536834716798 0.017849063365116425
9 0.983831787109375 0.7455439999514322 0.028613128662109376 0.09838693730572824
12 0.15438035011291504 0.30458838562770596 0.1852419090270996 0.018945832870781526
12 0.34586378097534193 0.18112357811574184 0.07683795928955081 0.01695237148866775
12 0.34643532752990724 0.15680046826865704 0.0760151481628418 0.015755174003316497
12 0.2093693208694458 0.5240733551513238 0.28602577209472657 0.01944945421777864
8 0.135554518699646 0.7894567079696521 0.12261796951293945 0.017526467358875444
12 0.10852237224578858 0.18264156632906167 0.10727105140686036 0.016619152116521426
12 0.11132751941680909 0.2069321762816732 0.10328744888305665 0.018828776547582703
8 0.11616819858551025 0.6669490671920099 0.095399169921875 0.017503484316024644
12 0.5210806102599596 0.7132233099657942 0.7876333008118696 0.07150973223454148
12 0.525856914368581 0.827633900074934 0.7925492766552951 0.040871005286967146
1 0.4777289581298828 0.0781369488785576 0.17446647644042967 0.023164962578836174
12 0.4884129575699692 0.37514896045405527 0.8339881134033204 0.07343196021938832
12 0.25845606803894045 0.5975460235433087 0.2840776252746582 0.019396224623251555
12 0.10598926067352295 0.15678831273243227 0.11155550003051758 0.0196267597205262
12 0.16669689178466796 0.47673752888057835 0.13020965576171875 0.018150966501998225
12 0.37145792098267927 0.5723079230209703 0.505676973433811 0.02269080371845068
12 0.195794939994812 0.6290302446002859 0.14450493812561035 0.015519137069132993
12 0.19781628608703614 0.5485927927345832 0.16844429016113283 0.01765222363107793
7 0.4613187789916992 0.9379572216189775 0.11487831115722656 0.017601433274589254
12 0.21320855140686035 0.4508025337070174 0.2904701042175293 0.019164469906957703
12 0.2761118602752686 0.2542956879041547 0.44093215942382813 0.015582557258131659
9 0.3235078430175781 0.37639609789128414 0.14550819396972656 0.11851712865473746
8 0.13085604190826416 0.8880855905861457 0.1261678695678711 0.018397166928008437
8 0.19685218334197999 0.6270549225341364 0.14530163764953613 0.017767735103519096
12 0.19786664319409364 0.2789541349529586 0.2689586291238975 0.01467380557559947
