9 0.4338566398620605 0.2584172328532125 0.1885482406616211 0.1366453004386909
1 0.4974726867675781 0.08603819539724303 0.1559783935546875 0.030470274477731863
12 0.22835375785827636 0.17283179893528683 0.16356788635253905 0.017758666319623796
9 0.9765653991699219 0.39429787039428377 0.0462188720703125 0.12487243708390725
12 0.24539042472839356 0.1357065206060068 0.1913979721069336 0.017825222102954258
12 0.2125970935821533 0.20967724872795782 0.1317131996154785 0.017247770115035296
12 0.40835573196411135 0.5330921239651486 0.05281383514404297 0.013947794260072316
12 0.4579184532165527 0.49545792508716424 0.20150997161865233 0.01639233914069674
12 0.3055588626861572 0.46106893015739786 0.30567136764526365 0.015380859375
12 0.2790845394134521 0.42339563851404677 0.2383282470703125 0.017012611017848945
12 0.18465322494506836 0.2293743627458893 0.07328582763671875 0.016198836958003327
12 0.6002051162719727 0.11496186759955737 0.1294013214111328 0.020012427295863465
12 0.5080406856536865 0.348543837926495 0.7094400024414063 0.03691909551839417
12 0.19321563243865966 0.39691122876492196 0.07389286994934081 0.01610504234461088
12 0.5664151191711426 0.7641291902960715 0.5713605499267578 0.13559495209552916
12 0.5969166564941406 0.6248432646331927 0.5012571716308594 0.014826498740960745
2 0.7546638107299805 0.9486864158273072 0.18926673889160156 0.014338161443985307
12 0.424805793762207 0.5772432970059257 0.04639167785644531 0.01687479150525138
12 0.4104218673706055 0.5148260223416695 0.06387260437011719 0.014587962813504362
12 0.2254711675643921 0.4403716228334481 0.14036530494689942 0.014432992926423326
8 0.2595243072509766 0.894615413088072 0.22004318237304688 0.01648022079818067
12 0.24559737205505372 0.2835046297043589 0.20187686920166015 0.017441482473886594
12 0.19096716403961178 0.6808674037300265 0.07050608634948731 0.01948888409285903
12 0.21981033378516393 0.303274724478222 0.14942588653389263 0.018161125638487124
12 0.5940181350708008 0.6445197043230603 0.5060411834716797 0.01572229754935721
12 0.5019612789154051 0.9144258102125 0.7002243041992187 0.018830017678788308
12 0.19311450004577638 0.8352502800106893 0.07213445663452149 0.01591795754060491
12 0.46153850555419923 0.2841735923914213 0.23486618041992188 0.018100847116405534
12 0.19292556285858153 0.7004655601009747 0.0678807544708252 0.016985876610565886
12 0.5365836715698242 0.8585218529399105 0.12255134582519531 0.015443407799586776
7 0.49915678024291993 0.9498752842702594 0.11920803070068359 0.015480174615472913
12 0.382147045135498 0.44657368305300876 0.11659801483154297 0.01407022887791265
12 0.171337890625 0.1909722222222222 0.051992187500000016 0.017361111111111143
12 0.19142578125 0.4765625 0.0803515625 0.013888888888888857
12 0.1937890625 0.49565972222222227 0.08035156250000001 0.01736111111111107
