9 0.4157044792175293 0.5645567390583554 0.21565181732177735 0.15009402975795755
10 0.5078958702087403 0.6649022595635775 0.8123435211181641 0.24105551641246684
5 0.15940366744995116 0.0836318038819007 0.07311206817626953 0.05077204885575542
1 0.503316535949707 0.15997066885680883 0.2071845245361328 0.02836303980765777
4 0.80085205078125 0.13212556442678974 0.21952957153320313 0.014426948958851403
6 0.27724778175354003 0.08543109303549472 0.16063772201538085 0.037184049975650696
4 0.7353698348999024 0.04195092232431805 0.22715126037597655 0.017160434200108102
4 0.7797203063964844 0.06525686248860246 0.31758331298828124 0.013903765421225685
10 0.4939724445343018 0.2836442537585999 0.7993629455566407 0.07668910882411858
2 0.4935011100769043 0.9232267857019508 0.25459293365478514 0.014378285429100352
12 0.5050197219848633 0.45264341049126877 0.7943511962890625 0.0725930885969275
9 0.807690086364746 0.6512640861153707 0.08793876647949218 0.1570790743638097
12 0.8443808364868164 0.18866256187702046 0.12318595886230468 0.01686689813615578
4 0.6853540802001953 0.08595564257877258 0.13447784423828124 0.0131619467764803
2 0.5167370223999024 0.9379333442128096 0.7785147094726562 0.016498164304266136
12 0.8407337188720703 0.1655641888012199 0.12174209594726562 0.014657989421004642
4 0.26152337551116944 0.02777428884194237 0.43421844482421873 0.016062592321744965
12 0.2728964042663574 0.5148845912080018 0.32315959930419924 0.014450275613395226
12 0.35259129119577964 0.4036937143610811 0.48740948532694767 0.015126600189613712
4 0.7081426620483399 0.1062203364283716 0.17818428039550782 0.012552357478862733
12 0.18386701583862305 0.20688830172456968 0.16415172576904297 0.01482173471088224
12 0.2621845817565918 0.1882705823390701 0.3220732879638672 0.013836240894914621
12 0.2700315380096436 0.22567044097063924 0.3393550491333008 0.014257038092845105
12 0.5936838150024414 0.20485573927983047 0.10354118347167969 0.02110943511774011
12 0.35901821820380264 0.34844271847887626 0.4925019127440067 0.015879771859112494
12 0.5955610466003417 0.18900552710845972 0.10243167877197265 0.017083921019320568
12 0.5047512457199594 0.3763427825307 0.7837784061832482 0.03265199194786875
12 0.3183706387409185 0.4965485185780001 0.4200394804222155 0.01467779481653402
