9 0.5852081725647399 0.7478798262059181 0.199162196446132 0.13510021740094244
9 0.5202850128387237 0.5719543630215722 0.1941982171474359 0.13325253700407885
8 0.23750678642646417 0.28353716073656643 0.1709875004552739 0.02219504985337708
12 0.30078540259585795 0.7770228639130269 0.34501313607453743 0.024708476103313743
12 0.22823933954839107 0.8160080246757195 0.17978161365002182 0.024837127425770166
8 0.2368583501357854 0.40615326410176833 0.17190393478998214 0.02208200987408796
8 0.23563702456601013 0.20648175422411771 0.1724655933869191 0.022286775772224616
12 0.4636102511888339 0.34468869695211163 0.7126389439011508 0.06042413669024879
12 0.4687062954847073 0.15793822697893442 0.7215137259387747 0.04490594202852655
12 0.39721167504370636 0.7361129061819137 0.5376397690850816 0.02332136744084414
12 0.46250819493006984 0.45526510891474564 0.7047881724395395 0.0415303175837473
12 0.33071235176566605 0.5811559509351566 0.403470659589434 0.025660743295880625
12 0.37265961653702745 0.5429344347337985 0.49488798554960667 0.023929789233507293
12 0.3007247586906095 0.6990064753179469 0.3660159877963833 0.025860400252077424
12 0.32710935686018083 0.6213751252865954 0.3906278810301027 0.022940064713594447
12 0.20899112407977763 0.6601667647715469 0.1976085742870411 0.028225357927771585
12 0.47980525054575957 0.09979618537943034 0.7266292260799097 0.04319570825126038
12 0.7795178962476325 0.657341507508487 0.0795167153809732 0.038232402082488855
12 0.27752726450388804 0.24481189870381992 0.24737595066879733 0.021018855137819214
