5 0.09356205304463705 0.07322806421420917 0.05682140986124675 0.040458357596984934
10 0.4981223360697428 0.2976706340309866 0.8675140380859375 0.19221791466541022
10 0.49504134496053065 0.7611568465770914 0.860723876953125 0.22313613990556097
1 0.4817161051432292 0.11456483378329939 0.16425730387369794 0.034196183220730994
6 0.18533482233683266 0.07407378408231624 0.12303874969482421 0.030836404684143462
9 0.38295951843261716 0.775763208609456 0.18412022908528647 0.1439651509048719
12 0.4900027557980601 0.5364314538755317 0.8502479623215214 0.04558328028875686
4 0.8212941741943359 0.058511075961141426 0.22055618286132814 0.018871544863927225
4 0.797131805419922 0.08381522212047057 0.2752696736653646 0.01770280771218385
12 0.48802563985188807 0.6263247835033134 0.8562850952148438 0.03283434124462954
10 0.4990310753228882 0.15897507504192232 0.8689149370108811 0.04960441497673962
12 0.36329409576084326 0.5897459829209213 0.6047511797230926 0.017344671464615755
12 0.43909842809041344 0.41285323601907026 0.7441471862792969 0.030328060402480546
12 0.49386399175840345 0.44629614764459674 0.860979241011188 0.030806446199132594
12 0.4907662494611703 0.4823688842308353 0.8485874987379782 0.03383380305665044
9 0.8264183807373047 0.782110548204949 0.06314590454101562 0.10932583938776749
2 0.5055802408854166 0.956598462452375 0.31384033203125 0.0135917614096952
2 0.480764590883757 0.9226467661975104 0.48123824752272143 0.014492010173476
12 0.29648062741015563 0.5042939538621711 0.4559634455987975 0.013593028027723721
11 0.21807074652777778 0.19314236111111113 0.3179036458333333 0.016493055555555535
12 0.42666015625 0.5711805555555556 0.7261588541666667 0.015625
12 0.20914713541666669 0.6046006944444444 0.29113281250000006 0.009548611111111143
2 0.4974913194444445 0.9383680555555556 0.7295052083333334 0.017361111111111143
