9 0.43382541845876277 0.48802986145019533 0.20163434617062834 0.13976966857910156
9 0.4918963384966478 0.6879548835754394 0.2084903581768063 0.14491573333740235
12 0.31005644291005235 0.8287232208251953 0.29747577423745014 0.01897735595703125
12 0.2827438327437597 0.804507827758789 0.23030482623594026 0.022195892333984377
12 0.4967232967944855 0.17350972175598145 0.7340938486951463 0.03609476089477539
12 0.21684949617859317 0.48132667541503904 0.09112803141276044 0.014125442504882813
1 0.5007534838737325 0.12876540184020996 0.12633939161368296 0.02091501235961914
12 0.5080697621014101 0.21750679969787598 0.7282518968514516 0.039688854217529296
12 0.34114444002192074 0.5870944976806641 0.3377173132930242 0.02055816650390625
12 0.21669058427743032 0.49848169326782227 0.09103035081362894 0.013167762756347656
12 0.21802666846742022 0.46279010772705076 0.09509169125387855 0.012361373901367188
12 0.4891093070950301 0.2543581593413279 0.6354851202957569 0.021482126788125836
12 0.3378050107482477 0.5523283004760742 0.3275685411818484 0.017461624145507813
12 0.32600244562676617 0.7483967590332031 0.307533805251967 0.0514312744140625
12 0.37185085918886446 0.40949554443359376 0.39670562744140625 0.016670379638671875
12 0.4095085089933786 0.6235183789375675 0.48129997523963874 0.015901046205212672
12 0.3572054112211187 0.516356086730957 0.3694393617887023 0.018335342407226562
12 0.35511280627960856 0.44658599853515624 0.3640937805175781 0.0152874755859375
9 0.9858842673876606 0.5083030700683594 0.026714676660848848 0.144962158203125
12 0.21631771114701073 0.5697281646728516 0.08847235280571254 0.01477203369140625
12 0.312793474670843 0.765791015625 0.28745775696233655 0.01615966796875
8 0.20981933377313275 0.22816152572631837 0.146851343466035 0.01681098937988281
12 0.3847996732021899 0.6758639099417952 0.42166892518388466 0.014976416074996769
12 0.47294501873983713 0.3061065757825679 0.5964499399171653 0.08602493286132812
12 0.387854609929078 0.42838541666666674 0.4309495665878645 0.019965277777777787
12 0.3379875886524823 0.5347222222222222 0.33614066193853426 0.017361111111111143
12 0.41186465721040194 0.6410590277777777 0.48389479905437355 0.018229166666666713
12 0.25241331757289204 0.6584201388888888 0.16252955082742315 0.011284722222222144
12 0.2788859338061466 0.6918402777777777 0.21793735224586291 0.017361111111111285
12 0.2930457052797479 0.7113715277777777 0.2462568951930654 0.018229166666666713
