10 0.508963737487793 0.6723009892793377 0.7550233968098958 0.21717622053318952
9 0.3374529012044271 0.5901930558985734 0.1912457275390625 0.13135682568472665
5 0.1743248685201009 0.0681813587445394 0.05988951365152994 0.04212040027167017
10 0.503321901957194 0.2510414035027099 0.7284033711751302 0.09258796001531686
4 0.13313226381937665 0.02220490526433887 0.18136241912841797 0.016540391262612045
1 0.4730220158894857 0.1296956002573956 0.19804298400878906 0.02527131613888486
4 0.7318480936686197 0.02913730603636279 0.26876007080078124 0.014322842909952328
6 0.27643429438273115 0.06707755263609565 0.13696544647216796 0.03251197443207566
12 0.5519422403971354 0.17143884114488928 0.10129618326822917 0.016137727175400594
12 0.22181829452514648 0.17805789850150902 0.14847883860270183 0.011785927615420171
4 0.7098719024658203 0.008946546614861543 0.22579981486002607 0.017466860414934268
4 0.6645140838623047 0.050753792587952935 0.1316431172688802 0.014041232398933711
12 0.7565456136067708 0.12989584973682658 0.13644205729166667 0.014820621074490647
12 0.2949735895792643 0.15925153834084071 0.30010114034016927 0.015649215804451857
4 0.6973558044433594 0.06969706586231489 0.19353190104166668 0.013842399048418014
12 0.5019552485148111 0.3310257734334084 0.7124265543619789 0.041985481620659036
12 0.5259196472167968 0.15418013287254387 0.05571177164713541 0.014422494131561775
12 0.7600674692789713 0.15224670976607815 0.08569808959960938 0.017525905246247826
4 0.7220875549316407 0.09860023710954494 0.21898996988932293 0.015018463134765625
12 0.31431624094645183 0.19305772183942685 0.33767784118652344 0.01438804679569678
12 0.5021879831949869 0.3855907148108958 0.7004393513997396 0.03477053188669156
12 0.5004196039835604 0.4399661792305495 0.698570302327473 0.041669999620828804
2 0.49535671234130857 0.9040029220404037 0.273993403116862 0.01506230117550029
12 0.26396277745564783 0.36018575150562826 0.2014566167195638 0.014106732786669806
12 0.3956819152832031 0.4120196809348263 0.49093048095703123 0.015445611869652699
12 0.5059743299333127 0.49098258477204504 0.7106285603841145 0.026708049729915896
12 0.25659081776936854 0.19472295668174935 0.2214805348714193 0.013921202197152337
12 0.28495249430338543 0.5465398022857453 0.2680071004231771 0.01636542300337152
12 0.467333601558013 0.4685465836291005 0.6279565938313802 0.01499432698756526
12 0.5013368055555556 0.5212673611111112 0.7033680555555556 0.0321180555555555
2 0.5106901041666666 0.921875 0.7270630787037037 0.012152777777777714
