9 0.6933845138549805 0.47563553531612973 0.18282188415527345 0.1285467097189574
10 0.4790161514282227 0.5425160500855573 0.7764684295654297 0.22048428965880806
9 0.9210202407836914 0.4699399559898714 0.09352210998535156 0.13166571423015763
9 0.9100539398193359 0.6279415704507743 0.07213775634765625 0.12553872977737832
12 0.33762417793273924 0.41908725974834077 0.4952956008911133 0.01775950203954646
12 0.4799141788482665 0.22657222390298778 0.7828240203857421 0.030725181653804574
12 0.48241541696740986 0.32098572317477797 0.778562396503413 0.028498232681139338
12 0.23727489471435548 0.16722245342963565 0.27817909240722655 0.018412132600767423
12 0.48622668100549576 0.38666704460818674 0.7840937805175782 0.03424401747441925
12 0.47338807582855225 0.10596052524262825 0.78779541015625 0.029364992664978565
8 0.18173463821411132 0.14117307409775992 0.17921489715576172 0.017144721377212388
12 0.36116485740889104 0.2926445209874515 0.5433436078598295 0.018890515892906513
12 0.47919221090124225 0.26225218646294246 0.7830022413782224 0.034642960539961194
12 0.47921622193432745 0.3526464472994808 0.7706511688232421 0.02524138594095686
12 0.3843252132267038 0.07273111258987833 0.576557279675337 0.01615884156353704
8 0.14843719959259033 0.194580125386736 0.10388312339782715 0.01570835619901134
