9 0.30879872470148817 0.7483244175949898 0.18880861311006625 0.1313314181920945
1 0.4881297320077734 0.04216234992794005 0.2316796711967863 0.02657284953630374
10 0.4804446613649295 0.29899828631513453 0.8731567179022329 0.16208106522799373
10 0.48609655886540226 0.7987861054641922 0.8826276623147955 0.1551359837642211
12 0.7266035891932517 0.06701890952111404 0.22602474868596098 0.016895303091897153
12 0.3277744988086934 0.6978205505323509 0.5511863840805846 0.04529125872575312
12 0.21047725263541447 0.10672768912209653 0.34640640488053004 0.01719916576265315
9 0.7479035850359322 0.8006601411514551 0.09756612379682285 0.15036662401090287
12 0.4212746628138776 0.41923350241804624 0.7374187590482836 0.06347456835253792
12 0.44097414424752435 0.5534964197505492 0.785145301573079 0.09639572622896435
12 0.48917319499988593 0.19470941283182616 0.7974142797403225 0.020653919411373248
12 0.44651877860195044 0.6241364485961136 0.8062805277676334 0.044627282265519735
9 0.6939292232659902 0.798992499726517 0.20440510795988104 0.15249957838025088
12 0.20635442463105824 0.15373524206243847 0.3279775323374243 0.02974195268913634
12 0.3812763749768132 0.4813368055555556 0.6706489983305509 0.051215277777777714
12 0.09376666550732704 0.1271701388888889 0.09811346457058061 0.0234375
12 0.5657048495177147 0.10590277777777779 0.09066180903357449 0.012152777777777785
12 0.6209712947505102 0.1232638888888889 0.1937430439621592 0.017361111111111126
12 0.5681887346967168 0.1427951388888889 0.09314569421257644 0.01822916666666666
7 0.4098410545353367 0.8858506944444445 0.08941986644407343 0.013020833333333285
