9 0.7146244049072266 0.7709253115345771 0.19202743530273436 0.14043876154794438
10 0.49273812294006347 0.2733080541226347 0.8548522186279297 0.12498075245904379
10 0.473619270324707 0.8224263354399358 0.8433583068847657 0.16029398522902805
1 0.5082262229919433 0.14122233372677415 0.18838077545166015 0.0248520854761392
12 0.6788547134399414 0.167093146436568 0.12210517883300781 0.016073727335766695
12 0.49647216796875 0.36527153566309706 0.8552230834960938 0.03579427624836621
12 0.7200706672668457 0.18617061426431053 0.20597637176513672 0.015366702931915398
9 0.24373570442199707 0.8138422512736158 0.21943222045898436 0.1718536492989544
12 0.49264530181884764 0.4737231178428737 0.8553726196289062 0.041738241797617634
12 0.49355405330657937 0.4198299329408012 0.8547588348388669 0.06039582918810228
12 0.4649868106842041 0.5913315109426984 0.7899333190917969 0.029140341871138307
12 0.21700000286102294 0.16181477303740643 0.2788482666015625 0.015322115938019843
12 0.4867232751846313 0.640515954775502 0.8538092803955079 0.040728376845443205
9 0.29982059478759765 0.815329751134372 0.10754653930664063 0.16910515266679538
12 0.44710938136484246 0.704115599928446 0.7751839033622343 0.01888468911841742
12 0.21856260299682617 0.17933431415050205 0.28408634185791015 0.01402732355966314
12 0.35602922916412355 0.664964915228434 0.5839780807495117 0.018825516501307035
12 0.490560450553894 0.5439975578975315 0.85947509765625 0.0586983568314817
1 0.511754150390625 0.10220122609301666 0.3240812683105469 0.02675049205243361
12 0.45146572600378243 0.6853877890699264 0.780702895908085 0.019172233320461026
12 0.22220765113830565 0.19870944440138202 0.27798152923583985 0.01611657378338136
12 0.3596909332275391 0.5102004134609672 0.5788169860839844 0.018789081065826996
12 0.05022569444444445 0.6840277777777777 0.015980902777777778 0.0017361111111112847
