10 0.5022916316986084 0.7250270197523256 0.8280255126953125 0.30155071727732286
5 0.13365053176879882 0.08935088567342774 0.0742251968383789 0.05339273326962177
9 0.35811443328857423 0.5956228327623663 0.20068313598632812 0.14252873113023617
6 0.2528605079650879 0.08872149802359243 0.1648191452026367 0.039944089457737995
10 0.4972440528869629 0.2975604487400429 0.8437890625 0.09515299261572525
4 0.7826799392700196 0.1293519303972921 0.2196430206298828 0.017478616479883857
1 0.48772125244140624 0.16310630295153397 0.20805412292480469 0.028639699898514094
12 0.24541933536529542 0.1942541017039362 0.3322640609741211 0.01775011956797989
12 0.8194951248168946 0.1883942779160226 0.08092689514160156 0.018053364201238025
4 0.7125007057189942 0.03779228145850959 0.2397579574584961 0.02103870650238744
9 0.8211310958862305 0.7109190588966411 0.10022605895996094 0.12704125062667113
12 0.4914636539874926 0.47826206421302636 0.7985034514549466 0.0793214742742822
4 0.7598381614685059 0.05978428403748973 0.3332138442993164 0.01676993616549514
12 0.6480907630920411 0.20907999402486493 0.10655605316162109 0.017263511072930594
12 0.3120265456248506 0.43305932519270113 0.444646230497125 0.016536420254358836
4 0.6762674903869629 0.10559483220445492 0.15383678436279297 0.01519686993005654
12 0.2467680549621582 0.23202000582281915 0.3410231781005859 0.01771325096089572
12 0.829166030883789 0.16275326325931652 0.11384689331054687 0.014692092324323195
12 0.16442021369934082 0.21465536107353989 0.16100204467773438 0.015266989641648562
12 0.41475051942688984 0.5273480474842628 0.6441147573740444 0.017755899412321738
12 0.6222858238220215 0.18974499353962998 0.05085376739501953 0.01786846358083361
2 0.5113289221254417 0.9563971262777035 0.7267782704288619 0.013756192729222273
12 0.4871594034826938 0.37378734990604867 0.790904118855036 0.022646867596825448
4 0.6662112045288086 0.08394638102322338 0.1354529571533203 0.014768161875678894
4 0.23618489583333332 0.03124999999999999 0.4480208333333333 0.0173611111111111
12 0.48637044270833313 0.40494802787457645 0.7998632812499997 0.03559050019359831
12 0.22766276041666664 0.5464409722222221 0.277578125 0.019965277777777787
2 0.4906315104166666 0.9396701388888888 0.16313802083333337 0.01649305555555557
