9 0.7393710992659472 0.5870399794800746 0.24113893040505277 0.15731871883380824
9 0.2602992779145306 0.5901172112347574 0.2289747376807312 0.15571535412912757
8 0.209084831192826 0.4340528743282245 0.16859732817104617 0.021348554897020616
12 0.18837229160990837 0.09368708754720761 0.16697959675067534 0.022247703212082005
12 0.6905469013806176 0.9592439432172939 0.17855445247267926 0.021597074175536374
12 0.513855145344012 0.3862061373877576 0.9214942797228021 0.047298501731164094
12 0.6562028146680072 0.8677002526032938 0.27620674538003437 0.019314199736004022
12 0.15582368322346205 0.06559472590774808 0.09277718474682281 0.022662283948232692
12 0.23439154034747592 0.1223839130970683 0.2613317043701652 0.02143282351620118
12 0.628085153276185 0.7772970170811684 0.1913478529055133 0.020763493127723763
12 0.7264231623741404 0.6377575343941188 0.39489230472587183 0.023550813005468484
12 0.30127974375267147 0.494884484572735 0.34552730916340835 0.019818890706189234
12 0.5165556587264205 0.26090051470049025 0.9385136752325332 0.05074139197640798
12 0.5172886876554057 0.19657812146196577 0.9301260178121928 0.057748861587571
12 0.6993936415037143 0.6969146984278096 0.3320293314096267 0.05939823550903034
12 0.7135685169392343 0.5921566407232128 0.3731658875590926 0.02192342708944435
12 0.514465714250426 0.3281070761659822 0.9290989724029961 0.05497894645176835
12 0.5980554367095408 0.7307324104168412 0.12139628771948674 0.021988124764289307
12 0.3088314753384393 0.4643496782876403 0.3646667120733055 0.02288550320304643
12 0.6913970767397777 0.8239683892316879 0.3320367659473231 0.025982684430522963
12 0.5833216519159043 0.909508209279668 0.10029113409795555 0.021597647083473014
12 0.13040399082985749 0.7275511344886649 0.11657820516110404 0.02182558259826517
12 0.12138437522183701 0.819007333876341 0.09723945872488565 0.020429569644653034
12 0.47120643520792405 0.14713541666666669 0.7338356629284 0.01996527777777777
12 0.35928695801953725 0.5251736111111112 0.4616678434020956 0.027777777777777787
12 0.1418070648466492 0.5941840277777778 0.15643290561558612 0.018229166666666713
12 0.09602182417867279 0.6354166666666666 0.07503692220585027 0.02430555555555557
12 0.13163256692043224 0.6822916666666667 0.11827853839227245 0.019097222222222286
12 0.10174497926216983 0.7730034722222223 0.05087248963108491 0.01649305555555557
12 0.09983726090100414 0.8624131944444444 0.05214430187186204 0.025173611111111143
12 0.12336578735538092 0.9084201388888888 0.10428860374372409 0.0234375
12 0.33893796216710326 0.6848958333333333 0.24291613798843048 0.12673611111111108
