10 0.4980921697616577 0.7180515977202869 0.8763964080810547 0.22504291883889826
9 0.3460339069366455 0.6914998921731857 0.19629201889038086 0.15108031637988187
5 0.10138214588165283 0.08980135057793288 0.08046285629272461 0.06091507237580611
9 0.6663892364501953 0.7070058824471132 0.20139190673828125 0.15305251118762053
10 0.5009114456176758 0.30150298189404157 0.887415771484375 0.2196325230391529
6 0.2310354518890381 0.09118664483095204 0.1772703742980957 0.04863625713116638
1 0.4996379089355469 0.16912006757068543 0.17099998474121095 0.033765463612923395
4 0.8309423828125 0.06354602346539842 0.22348068237304688 0.01754686802539439
4 0.8632050323486328 0.08583470181765873 0.15375442504882814 0.017069103862648413
12 0.49748428344726564 0.46863744987701156 0.868026123046875 0.03224336629663392
12 0.49616029262542727 0.43226766264427124 0.872508544921875 0.027822967205581004
12 0.3732860057358187 0.5580382777075826 0.629972152709961 0.016116694981014947
12 0.29609983921051025 0.49183729828381145 0.46955093383789065 0.01451777400253134
4 0.18412060260772706 0.041324917122850996 0.22086732864379882 0.017274199939164958
12 0.4910108043463286 0.5174021224209154 0.868836669921875 0.031414153375873916
12 0.20789347171783448 0.5756949238055237 0.2845797348022461 0.013018969514675746
4 0.8210393905639648 0.10961388024207828 0.23786384582519532 0.01828229530797975
2 0.48460723876953127 0.9016954059656009 0.4646380615234375 0.01580198429589561
2 0.5108610879155421 0.9201870035838522 0.7827026767441261 0.01991123357642236
12 0.40395290798611116 0.5421006944444444 0.6863823784722223 0.01649305555555557
2 0.4984711319945505 0.9375000256633638 0.1777842881944445 0.012152777777777714
