9 0.7269669256667685 0.7489233600850008 0.1888736704526532 0.13801691483478157
9 0.3323175216864523 0.8378344944545201 0.19802501400664688 0.14407924729950575
12 0.17555032869003598 0.8730515849833586 0.1354735731866813 0.018938103500677615
4 0.8624786593774284 0.016057508940599402 0.09378756426579152 0.015473938718134043
4 0.17895672461067594 0.023530935754581376 0.18492055997967086 0.020461977744589042
12 0.649136043568911 0.8735525559405892 0.3064921025061057 0.018276370301538586
12 0.29296518600219934 0.17638532062816295 0.33681622195201477 0.032643348701120026
8 0.1947569770880745 0.6047109097850566 0.11028716661578597 0.014644622802734375
12 0.12967587025508576 0.9033269298319914 0.0476886213990342 0.01631398103675064
10 0.4864158562614482 0.5279294422694615 0.7487449307213033 0.04733809646295042
12 0.4921720447167622 0.12501061692529794 0.7630362095671903 0.05771880247155014
12 0.503898817099644 0.9866704746168488 0.8100460723280695 0.026659050766302615
12 0.2976685309417308 0.8243794733164244 0.38438057648072943 0.031358757797552546
12 0.2178952435617125 0.8732662590182556 0.21976763655830234 0.0185699462890625
12 0.49172674148586665 0.4061175171209841 0.7212130883658969 0.04086922626106106
12 0.6014716790370365 0.8733521675576967 0.21817916409372223 0.01826749529157366
12 0.5014313855349063 0.3034984550716155 0.7412716474245112 0.07258736767023613
12 0.3694071930636309 0.20952139095384248 0.4802552895689942 0.01731853095852599
12 0.5033094539185666 0.4631997194711062 0.7328354801461184 0.037470500057089524
12 0.5160430040918489 0.9036031061289261 0.04506503117020982 0.015492264105349172
8 0.2233868424464712 0.4910547684650032 0.16663342978983958 0.013178066331513074
12 0.3502030990898715 0.373236928667341 0.41288914519559006 0.015992495478415976
12 0.2910952932245989 0.23047175699350786 0.3075015405143345 0.014480882761429767
12 0.3333316476784841 0.4341940356594947 0.39376895440284654 0.02040165078677956
12 0.36090323312248196 0.6654117478514173 0.3885111446484211 0.09238659605687975
12 0.4902159858554549 0.5738914061565789 0.7216016860880606 0.03500004203952089
12 0.37091242571583133 0.7281911433273592 0.4562897368162828 0.01890034807850573
8 0.18675991711071638 0.24826388888888887 0.11725379909216498 0.022569444444444465
8 0.22906798894809555 0.35373263888888884 0.17044108940201305 0.016493055555555643
12 0.6545662726370918 0.8259548611111117 0.33000303791113406 0.01649305555555541
