9 0.2596120808078566 0.897728776645087 0.18532955285274622 0.13445549546358343
10 0.5121842166280615 0.6339769688302387 0.7014909224076704 0.06541140141611347
6 0.8211099083430181 0.06318756017074896 0.14397688936596084 0.029553512436754
12 0.5321962550980329 0.34469674823279367 0.6734308920615962 0.039388591636397796
12 0.5145169302780109 0.7326244591233249 0.6858658803724389 0.03727664068371117
12 0.6624074047918819 0.895662143378554 0.054184926771263776 0.018110623101672094
12 0.5184633659593986 0.29117339598630854 0.6875601944516184 0.0610704746896136
12 0.5193082741140991 0.21494219823925195 0.6884571422230114 0.07811747763104333
12 0.5177849887887911 0.15067136837150863 0.6891411226828349 0.036799734723352934
12 0.5180646095481894 0.4525245865265691 0.6852743810026222 0.037843692756606956
12 0.5113835400457881 0.5581661675401585 0.6817484453689954 0.039004706189723196
12 0.5130262768958221 0.6919526873311778 0.6700819871970769 0.04004602510386354
12 0.5163315071547327 0.3979552276526288 0.6817585758598055 0.055004510114094164
12 0.6877105965102014 0.8735651234108843 0.11590660242338155 0.01917910528087425
1 0.5183503332216878 0.11806485743704204 0.2661233276703469 0.017368507767488103
12 0.5081054645464768 0.7953273796127411 0.6956626114438059 0.036876670822112975
12 0.5240268129290954 0.514388964519314 0.697647893395962 0.03631356916654046
12 0.48114310528692605 0.8297779461428874 0.5435045839458279 0.017361102315211232
12 0.5320183397451409 0.7648093428067056 0.6461184365755233 0.016916401161698385
12 0.29646075330161525 0.8932012890527148 0.1857976361739734 0.019386245635802855
12 0.3870247034330342 0.48461915591436777 0.363287219002884 0.016455854824884143
12 0.49282705553963824 0.5910410909710045 0.6421399077108084 0.018816930736472944
