1 0.5256565322460584 0.20598386356389534 0.6431505188246749 0.1104930542720655
9 0.9652180103410466 0.7395908521569293 0.06865550443322746 0.12943568965459826
9 0.9630069721127306 0.43891780557331633 0.07304331553898215 0.13610277883232097
12 0.549311292294077 0.360595703125 0.6191044765317794 0.028827429834026003
9 0.9604478525668293 0.6075177725217125 0.07727272324466879 0.13119353337462702
12 0.4971446033253932 0.8415659248371564 0.34729144216954017 0.025378813422447785
9 0.9828767770719904 0.25732970176755315 0.033218189938747734 0.10652379184732656
12 0.5590658770571026 0.5465662078987505 0.6600325550372429 0.031740726818920505
12 0.4759611947855225 0.6906544977238518 0.4844698943445629 0.028810518985107628
12 0.474915972350225 0.6561452047700874 0.4925291196404265 0.027378820498987638
12 0.3386632385069287 0.0926880149483579 0.3333543060911978 0.033863161937456705
12 0.4491819738259982 0.6171971521922288 0.42900130680958865 0.028517154781409846
12 0.5140373402545039 0.45284337389544915 0.7312476959505445 0.06263016150329018
