9 0.4368259716264849 0.14960376882715845 0.18930094351780039 0.13465027272090976
9 0.5533652132417619 0.6057055736971391 0.1968677511515398 0.13634134234015038
9 0.6015165019554894 0.39473060373560154 0.1876318980071504 0.13339347969549914
12 0.37574016210819267 0.6807513188176596 0.35979478295721096 0.02545900312300021
12 0.47785121785353235 0.6523305992272939 0.5578664332302101 0.022865427871935594
9 0.3375245895570472 0.6211446560283569 0.1082078873678212 0.07240045436820072
12 0.5229495512659844 0.5412946056587298 0.7069527762276786 0.030083770231175345
12 0.41733602750099313 0.5934864343636679 0.488319526284428 0.018567394477922355
12 0.49548077936024826 0.6219298451490026 0.5910502986025297 0.03243236935963337
12 0.70252595398097 0.2569744513710204 0.32273498978510895 0.028351897672581595
12 0.7285826785173002 0.4456537113436388 0.26154045528569525 0.0377015989751411
12 0.5582356356786494 0.19740786922708561 0.6890555882505712 0.06253582838494237
12 0.5561300881345442 0.37725180634573263 0.6882080373694763 0.07017478031509972
9 0.2944776151717142 0.6209750647430942 0.19558446112902922 0.06669111544768558
