9 0.7513993540117818 0.6647209556890684 0.19558819186302923 0.14092970587842174
9 0.35287645401493195 0.6175780936731448 0.19552735359438003 0.1392391347327666
9 0.9556180892452117 0.5287935916671122 0.03558979649697581 0.10973748652249073
12 0.3290473814933531 0.7102933154338644 0.33939494471396175 0.19499498491855577
12 0.6915801017515122 0.7206930655987134 0.2736619518649194 0.1620041863817009
12 0.5014017412739415 0.48182450667860705 0.6997747605846775 0.0671775867907043
12 0.49957637171591485 0.12672278994605654 0.696665757702243 0.06822232871032488
12 0.5024456516388923 0.37448028747193113 0.700057884954637 0.12533631119457514
12 0.5064527080905052 0.4614066196568916 0.6780931042086693 0.022410013956462076
12 0.6997261539582282 0.5586705007952844 0.29975403816469254 0.021245942824173084
12 0.47064757127229456 0.5887131463913691 0.6279416620484054 0.022464661915009305
12 0.5066824759206464 0.1961339771628618 0.6925417007938508 0.044558135403300544
12 0.3936900600310295 0.29584503391375727 0.43286497054561496 0.021909323791034004
12 0.49707814885053736 0.2565189601672227 0.6819810727468834 0.05263600513582416
12 0.3105647261424731 0.5659722222222222 0.30688214045698925 0.017361111111111143
