9 0.9451687300025519 0.4853863599823742 0.08720497629750314 0.1476646361312246
10 0.5004445847554423 0.3274387111508749 0.7347029489488457 0.16459460374785637
1 0.5097837591890115 0.07365006935305711 0.30462102075318 0.03908685358559213
9 0.9302253914837861 0.7463058533707286 0.11757502723578832 0.16206701015069233
12 0.725325177063295 0.1489376130142832 0.2195972461796286 0.016268784437722308
12 0.3262300443409675 0.14758078257242838 0.33473769144796245 0.019210582826195692
12 0.710787768339991 0.17081225790628574 0.19782011712615813 0.018624018847457763
8 0.2273433771564733 0.7828446675122269 0.13471920646015723 0.019934925606580285
8 0.2332901355609223 0.8670127992707539 0.15853528161743777 0.018206774703855438
12 0.46085556068612105 0.2147095455386774 0.6190332000579067 0.02931918942831396
12 0.5199179146158036 0.897529043802401 0.669256009049152 0.042013897159235265
12 0.30446120602401655 0.5053637589865584 0.30110594016223696 0.019612723249730055
12 0.32209194125841606 0.655213456812913 0.3445283515968514 0.018168255565612298
12 0.5439303604202653 0.44044804766895324 0.16407016773319724 0.019451792647198932
12 0.3493609691984091 0.4625098840977118 0.38689694811950376 0.017469483662426958
12 0.23442553994643628 0.8673681243648375 0.1581190674748253 0.018850311031186482
12 0.5091050069829207 0.5923765229015813 0.702614682944001 0.020343563420985745
12 0.31164260365855156 0.6142433290559102 0.2735104009733727 0.01772444810324568
12 0.3517264265510904 0.17028672908379783 0.39297700048092016 0.02027686824643515
12 0.517112041837606 0.8162278896424827 0.6875463897858433 0.03652538516657139
12 0.5116188143847625 0.7398944947777726 0.6178022339351117 0.018761177373126273
12 0.43221151405194597 0.6760348188198673 0.45774721029513493 0.018567093019562983
12 0.5288242116610509 0.5493747410749331 0.6741767678498222 0.018377718501810424
12 0.4147326819402308 0.5260166230240483 0.4539104001324747 0.019210040084714802
8 0.24156537846704226 0.23444569595460968 0.18268497026146358 0.020295150880891132
12 0.25241022585930056 0.44170405126808626 0.1825456858879358 0.017588793746824188
12 0.5305900558766042 0.7070085478991992 0.6590778629960261 0.03843478071011175
12 0.2065666876046901 0.7100694444444444 0.011803810720268012 0.0017361111111111427
