9 0.5357968058563085 0.636854981722897 0.190992604131284 0.13597869873046875
9 0.7324776396083371 0.6432088041958743 0.1898763168261247 0.13322354669440284
9 0.9605777021767438 0.31422530135063276 0.07884459564651268 0.13605366014454462
9 0.9730557796459841 0.45408126099468915 0.05225818283891907 0.12653983129213933
12 0.4867833639688538 0.8452364255304206 0.28124649858705086 0.02469864936724101
9 0.9901000681706672 0.6472322646885702 0.0195119369433122 0.08514728284861944
12 0.5345545182053733 0.6754377704777126 0.47561047471747164 0.061879824285637826
12 0.49517063119662497 0.47002097351910277 0.5865528250987309 0.024581909179687486
1 0.4818242390950519 0.22775334870575556 0.5261416965060763 0.06593055626311348
12 0.499029389002532 0.4340270969965687 0.612928862228366 0.0265825088710001
12 0.7239796550953446 0.1085885420237502 0.304346167522928 0.07140771656820219
12 0.3502079978529254 0.39713541666666663 0.3355139559849705 0.025173611111111143
12 0.25530897745571657 0.5108506944444444 0.12122584541062803 0.019965277777777787
