9 0.34267157236735024 0.7855506110913827 0.17667193094889322 0.13327880859375
10 0.47948827743530276 0.28703999837239585 0.8395941670735677 0.18370631362452652
1 0.47416769663492836 0.07977570273659446 0.2741748809814453 0.028337739886659566
12 0.6902208201090495 0.13268776171135183 0.23360875447591145 0.01835405754320549
12 0.7022311655680339 0.18607457941228694 0.26547337849934893 0.018180431019176137
10 0.47172410329182946 0.818344208688447 0.8004905700683593 0.15885978929924244
12 0.6836293029785157 0.1604717000325521 0.22570343017578126 0.017018321644176135
12 0.4728135871887204 0.6425537758952556 0.7817621358235674 0.044521257948401644
12 0.47418745079411045 0.589321048620975 0.7832242067898693 0.04064885919744313
12 0.4724124081929522 0.6947873945580771 0.7830596923828123 0.04015539696662442
12 0.3545740114833219 0.5250074857822427 0.5464217184023908 0.018071908117516484
12 0.2572157118055555 0.12890625 0.34494357638888884 0.02170138888888889
12 0.2464735243055555 0.15755208333333337 0.31152343749999994 0.023437500000000017
11 0.27094184027777773 0.18229166666666669 0.36523437499999994 0.02430555555555557
12 0.3855251790827118 0.39887152350055055 0.5991753472222221 0.018229106785484218
12 0.4738498263888888 0.4227430555555556 0.7805989583333331 0.0243055555555555
12 0.3604600694444444 0.44661458333333337 0.5466579861111112 0.018229166666666713
12 0.4141710069444444 0.4756944444444444 0.6564670138888888 0.0225694444444445
12 0.42730034722222215 0.49782986111111116 0.6851128472222221 0.019965277777777787
12 0.39447699652777773 0.5503472222222223 0.6266276041666665 0.019097222222222213
12 0.32345920138888884 0.7317708333333335 0.4893663194444444 0.015625
