9 0.7517168352680822 0.6209609067300667 0.18661917409589213 0.13271214964045125
9 0.3506852426836568 0.6503365687709401 0.18567027430380545 0.13253591867604078
10 0.4919778516215663 0.34287139483588625 0.706005613265499 0.15981741525319895
12 0.4968882653021044 0.20797909100457893 0.7031278548702119 0.05186629741896347
12 0.6603927858414188 0.7422421479585473 0.2733286703786542 0.01988336385265184
12 0.583693596624559 0.7787645621146101 0.15279132473853327 0.021384616369938693
8 0.22241529649303804 0.4433836707166025 0.1397307611280872 0.016272560904975763
1 0.4999089887065272 0.10343032023286015 0.1525387671685988 0.02180105469863844
12 0.6629673865533644 0.7060854226257308 0.27347554852885586 0.019600656388116623
12 0.19919927658573272 0.665257584718955 0.0718157491376323 0.018303933427787283
12 0.19000487173757244 0.7010764325144355 0.05013438809302545 0.018374244813943542
12 0.2095581793016003 0.7386706080027444 0.0928563271799395 0.01899507346913316
12 0.252292473085465 0.14848445112425818 0.20720876878307715 0.016795345205236848
12 0.38742437055034024 0.2589732296010657 0.4807680191532258 0.01408511102794411
12 0.17575571613927038 0.7779102787728115 0.17635269165039064 0.031610885372112915
12 0.5169191119948838 0.4635300894466159 0.6629519174542822 0.018614862494778017
12 0.677792481453188 0.6695544806035251 0.3035315236737651 0.019236847176183347
12 0.5896136376165575 0.5943254743303572 0.12329790669102822 0.0182316031998503
12 0.4797356635272281 0.5016231096573113 0.5855078672568057 0.01689839320345319
12 0.5002721724971648 0.13166416191055388 0.16021310129473287 0.01752385992523881
12 0.29225489708685104 0.16970324835819434 0.28160516062090474 0.022788094291328057
8 0.37470689588977424 0.554667399485933 0.461186808924521 0.01533815219844756
12 0.6880688328896799 0.6404978129678143 0.32243509600239423 0.03312640901233248
8 0.3456438987485824 0.5731238067948924 0.3846914968182964 0.015468017647740234
12 0.33509602710722247 0.6337528186265446 0.3341634442729335 0.040569948273096665
8 0.2639186407930108 0.24305555555555558 0.22832031250000007 0.015625000000000035
8 0.21358996975806452 0.48003472222222227 0.12766297043010755 0.013888888888888928
8 0.46584708921370965 0.5212673953289295 0.6346322664650538 0.01822909823102942
8 0.3326602402553764 0.5399305555555556 0.3658035114247313 0.015625
12 0.2479607694892473 0.59375 0.11538768481182793 0.017361111111111143
