9 0.2037300604361075 0.7358587719145275 0.19860865275065107 0.12610073997860863
12 0.6974014564796731 0.17996487390427365 0.20975663926866323 0.01779074895949591
9 0.7608377527307582 0.7642066955566407 0.228005529333044 0.13810693650018602
12 0.19415321350097656 0.187985965183803 0.303593020968967 0.015706834338960193
10 0.5018458083823876 0.26465465908958796 0.9471104374638312 0.06520758129301525
12 0.6803387959798176 0.15277564639136906 0.17857762089482057 0.018656049455915178
12 0.5101589450129755 0.6596897670200893 0.9390961823640046 0.04495588030133928
12 0.3868174941451461 0.5609507606143043 0.692165685583044 0.021615673246837795
1 0.4767027960883247 0.12564483824230377 0.21563794171368633 0.02865713210332961
2 0.4663910759819878 0.9056810288202195 0.16950836181640624 0.014052981422061012
4 0.7096504211425781 0.08453336897350493 0.3882079512984664 0.01588956742059617
12 0.5001371948807326 0.3784675958101193 0.936428098325376 0.04299665111614636
12 0.5035271362022116 0.3267574976880627 0.931800955313223 0.04740741074070857
12 0.22757847750628435 0.2136102222260975 0.36721442893699363 0.015171632312593006
12 0.3155838789763274 0.4218762534005301 0.5570123743127894 0.016137876964750743
4 0.7941033257378471 0.11842405682518369 0.21851320619936343 0.01705889928908575
4 0.7050700152361834 0.06439290046691895 0.3863034283673322 0.020027174268450056
12 0.42027294017650463 0.5901471092587426 0.763883689597801 0.023522585914248512
12 0.3965214693987811 0.45382241748628166 0.7393158524124711 0.02735788254510789
12 0.1434725938019929 0.5343263171968006 0.21542590105975115 0.019493611653645833
2 0.513070085313585 0.9220714387439546 0.5133093939887152 0.015447198776971725
12 0.18100599712795684 0.16138035910470144 0.27020111083984377 0.018701408022925966
12 0.15123456790123455 0.47873263888888884 0.24035493827160492 0.016493055555555643
12 0.19511959876543208 0.6158854166666667 0.3011188271604938 0.018229166666666644
6 0.21875 0.0837673611111111 0.09722222222222221 0.035590277777777776
5 0.14583333333333334 0.08854166666666666 0.05131172839506174 0.027777777777777776
5 0.08169367283950617 0.09114583333333331 0.06616512345679011 0.045138888888888874
