9 0.5161891084558823 0.3699097842261904 0.19229013480392157 0.10614193870907739
8 0.25671483656939337 0.4909560285295759 0.13959479836856617 0.01639000302269345
12 0.5103353702320772 0.6532310558500743 0.7353217390471813 0.05560052780877976
12 0.5269800044041052 0.2505503527256959 0.7292812691482843 0.12799091703744733
12 0.5218914914598651 0.3533758729921966 0.7306006338082106 0.06204911664581517
12 0.530279146082261 0.14660180591401598 0.7266954848345588 0.06347703479585193
12 0.5098859484601951 0.7124757278583044 0.7344814089019418 0.0370683361235119
12 0.5266985049620428 0.5281512741815475 0.7417400439208897 0.03734433128720239
12 0.5389283423330268 0.09432946364583222 0.7438990215226714 0.03868794805524333
4 0.5294188256357231 0.043692612420944944 0.2743899835324755 0.014966227213541667
12 0.521362574814105 0.4586316644577757 0.7263156888751601 0.036734473818824415
12 0.5125307210286456 0.5815045524679155 0.7310855162377448 0.060506520064170205
12 0.5214264449966887 0.4121802677144625 0.7241378733598179 0.044156717175241715
7 0.5122057866115197 0.7694555082775298 0.041684378829656865 0.013258928571428569
