9 0.7500975036621094 0.8881412066358658 0.19675994873046876 0.15135609019886365
10 0.4949420166015625 0.4187879910956171 0.7871595764160156 0.3349717201869289
4 0.790133399963379 0.13324138351769343 0.20659019470214843 0.01615348036532773
4 0.7236390113830566 0.03909219975994364 0.22046428680419922 0.020309854023011914
4 0.7715749168395996 0.06336296710771384 0.31863300323486327 0.017366243056750455
4 0.2898930263519287 0.026539930363291317 0.38019355773925784 0.01974594202014812
12 0.2777133083343506 0.22907985697981342 0.3129460334777832 0.016037945447955716
12 0.2613825225830078 0.19041034587656325 0.31625846862792967 0.01854938196041032
4 0.6770912170410156 0.08598990471651316 0.12967193603515625 0.0147389891891694
1 0.5048768424987793 0.16278653202932802 0.1974075698852539 0.029122450023247134
12 0.5073723401982503 0.6227669541592225 0.7687447338022622 0.039086353477184886
2 0.49085206985473634 0.9717510191212219 0.16229969024658203 0.016127810706126993
12 0.7006223297119141 0.19149424187357222 0.34648681640625 0.021090220600617972
12 0.8255494308471679 0.1677234152710762 0.10680366516113281 0.01619615349237787
12 0.1921854782104492 0.20882238443476525 0.16579471588134764 0.016512769790263296
4 0.6833152389526367 0.10739583709917007 0.1435478973388672 0.014623761735681964
12 0.5775476837158203 0.2130985206382344 0.09938751220703125 0.016013534245584875
12 0.42180488134509475 0.8131501931616815 0.6305084318898896 0.017318711285291707
12 0.5073401969592559 0.6632861465411182 0.7907147953912539 0.03767819748711334
12 0.3504249334752119 0.7322140294140256 0.480156170832788 0.017547979238665638
12 0.2567879676818848 0.8340375734023547 0.3056174850463867 0.016926587577612465
1 0.28981136322021483 0.08364298998359888 0.15297996520996093 0.039373539046025655
12 0.47717189114134834 0.772269544833174 0.7246787557660077 0.057926812053719745
12 0.5007274105248634 0.8646499733440907 0.7984213652068486 0.04183278097092465
6 0.286776704788208 0.08420543438268802 0.15602338790893555 0.03969328718534003
12 0.4937885199652778 0.7013888888888888 0.7791786024305556 0.03993055555555543
2 0.49172245025634764 0.9888065413213155 0.7108086395263672 0.018077503551136364
