10 0.49288564682006836 0.6649380185188503 0.7833878326416016 0.26244562831493695
5 0.1610897159576416 0.09109306685421446 0.0710026741027832 0.05131974526501577
9 0.4049814987182617 0.5553471836475058 0.18719863891601562 0.13804349286840598
1 0.4966398239135742 0.16704259749946246 0.20153968811035156 0.02822828380339736
6 0.2765035152435303 0.092845010319981 0.1570396614074707 0.03865691718705203
4 0.7205859375 0.049101367565470004 0.22474838256835938 0.016203045626299095
9 0.740384635925293 0.656577546005949 0.09883171081542969 0.13820918371918003
12 0.806362419128418 0.19659204745511397 0.15569190979003905 0.01747681503995843
10 0.4886085891723633 0.2822456289868836 0.7847380065917968 0.060564065635751146
4 0.763254280090332 0.07279399206878943 0.31358802795410157 0.01586593487940797
12 0.8218962478637696 0.17280625509559563 0.11326789855957031 0.01318383173111382
4 0.6952424430847168 0.11454681956439935 0.17218128204345703 0.013592893267990252
12 0.41609682446842633 0.48798041387435476 0.6160433887218398 0.015525271914420845
4 0.7850752258300782 0.1406290876756021 0.2092889404296875 0.014200109079343463
12 0.2632733345031738 0.19521733555225054 0.3176511001586914 0.01581482493549312
2 0.49244089126586915 0.9399132124874571 0.7324366760253906 0.015581491452838303
12 0.54305419921875 0.21514443213786558 0.10181228637695312 0.01685662225845757
2 0.47956056594848634 0.9242808770695957 0.25421245574951173 0.014546581583285551
4 0.6732875633239747 0.09364940398329988 0.12728839874267578 0.013300708455776949
4 0.26238479137420656 0.03368275143684597 0.41656726837158203 0.015829152798433915
12 0.35125935554504395 0.33757135233747854 0.493084716796875 0.01602774803791571
12 0.182123646736145 0.21425680457998855 0.15686408042907715 0.014287658131450689
12 0.2638060474395752 0.2326094251160228 0.3287736129760742 0.015026141525408543
12 0.33854983053342397 0.3942108714252439 0.461801687047166 0.014108696333858951
12 0.2805140781402588 0.5056456959575688 0.3368178176879883 0.015485347082855505
12 0.4435974441165389 0.4121771156241039 0.6745804337273706 0.017992576109159962
12 0.5124329038906942 0.4600222106398959 0.747618952503034 0.03331872783082405
12 0.49293382681753817 0.3672850022622203 0.7695550720424148 0.0355611818646072
12 0.3678244876861572 0.43055870686102354 0.4459203338623047 0.014985082783830275
12 0.5168511284722223 0.1957465277777778 0.05440538194444443 0.016493055555555535
