9 0.9232406616210938 0.5813936268199575 0.04978179931640625 0.12115195534446023
9 0.9247796249389648 0.4326629638671875 0.04436241149902344 0.10933349609375
10 0.4806940841674805 0.44418964732776994 0.6464988708496093 0.11319818670099431
9 0.6954805183410645 0.8702676669034091 0.1859127426147461 0.13566317471590908
12 0.3382853412628174 0.5362828202681108 0.2990363121032715 0.015253628817471589
12 0.3266487155684661 0.7072568026455964 0.2784231499177553 0.01555264559659091
12 0.33836041943719763 0.6216445090553978 0.295687226921503 0.015385076349431814
12 0.4354860496520996 0.8341522216796875 0.5047438812255859 0.016847367720170453
12 0.49158164581345254 0.7610888736191164 0.6511558834848157 0.035925391078530086
8 0.22615742683410645 0.5147179620916194 0.18441654205322267 0.017978071732954546
12 0.32454845370690466 0.6641823785955248 0.28274376031079956 0.015461592240767034
8 0.1941550874710083 0.7277072975852272 0.12059248924255371 0.018413196910511364
12 0.3863526344299316 0.5575640591708096 0.4101641845703125 0.014902288263494318
12 0.4861577033996582 0.15418438998135653 0.678145751953125 0.05569560657848012
12 0.47588601112365725 0.2837433554909446 0.6794427490234375 0.10123021906072444
12 0.40644758224487304 0.8132823042436079 0.4681396484375 0.015270774147727272
12 0.4096978187561035 0.8571153675426136 0.4706753158569336 0.01648748224431818
8 0.19401971817016603 0.6422654307972302 0.12017448425292969 0.018184093128551137
8 0.25928013801574706 0.6852984341708095 0.25753665924072267 0.016841541637073864
8 0.19312925338745118 0.7916841541637073 0.11837364196777343 0.018122059215198865
12 0.4782811546325684 0.1038635288585316 0.21344341278076173 0.02283825267444957
12 0.3907816081968542 0.6009382768110794 0.39974368209195055 0.014736439098011372
1 0.4776610374450684 0.1040654095736417 0.2074233627319336 0.024607162475585937
12 0.48735383987426756 0.20571849476207388 0.68265380859375 0.038519287109375
12 0.43449723330377865 0.5789626520330252 0.48470880335093885 0.014448630593039762
12 0.501818556660523 0.3580877333714242 0.6327788814196558 0.03841825011880748
12 0.675564236111111 0.8862847222222223 0.22439236111111108 0.034722222222222286
