6 0.23795227240626216 0.09931055849742997 0.1847570724843264 0.04552145667603513
9 0.7467752696937572 0.7819381244098311 0.21264634199127624 0.15189994020364167
10 0.5090606831836848 0.34934127616229865 0.8989622314832815 0.3000401634990557
10 0.5085830332517253 0.8100415776773624 0.8971839536960536 0.22730904973898947
5 0.1049181907024947 0.0983536523451419 0.07821816048392241 0.06038801482493141
9 0.3551429641747364 0.7753204728477766 0.20014483746992856 0.1420951329995724
1 0.509880077783279 0.1758086531844623 0.17358251307652123 0.03551880717957169
4 0.8459178633860444 0.07179608665822985 0.2215226382526973 0.020082906551208844
4 0.19190128261156808 0.048759079849434554 0.22334106825002428 0.01828091228837434
4 0.8364402569285818 0.11721108848719668 0.24431480775539463 0.019631719643604797
12 0.5036938668780527 0.6764518015740808 0.8841080020412132 0.029612559685005698
12 0.5063779009259877 0.5184797991639657 0.882732670192214 0.02887317087639231
12 0.48219442724017286 0.5712457829396675 0.8335838942736886 0.01266171547044832
2 0.4891432256508793 0.933365198742161 0.5047893779517393 0.015298876006627715
4 0.8804060726848028 0.09506197312810674 0.1520311702651147 0.016213176731644633
12 0.49961305825869806 0.6141452431905638 0.8648918127721436 0.040656869807104284
12 0.28522409584436964 0.5860146638876764 0.4517969870085293 0.012795703848792049
2 0.5109587884996399 0.9661675238962714 0.36479414873701577 0.016216839188996572
12 0.19637189423129495 0.6534835460202583 0.2597887386244897 0.012884403172213512
12 0.3421211663148299 0.6405563493675269 0.5632125950183031 0.013113580788554737
12 0.5074283001282823 0.5492146712263415 0.8795170339323503 0.024607825922886458
2 0.5085097794625886 0.9487847222222223 0.6665681160359427 0.017361111111111285
