12 0.5318393546921154 0.1167533695687668 0.9046239491024766 0.08072937197357735
8 0.17183594637582367 0.17361111111111113 0.13065212451715522 0.020833333333333322
12 0.5269747944240812 0.23128274186919925 0.8975232901613265 0.07725694444444459
12 0.5375830794052596 0.3271812488080168 0.913371960917972 0.10841440947622355
12 0.5375198818450351 0.41015620722772683 0.9046239491024766 0.04600702998899064
12 0.5311292887980005 0.46223958333333337 0.9060440808907068 0.04427083333333329
12 0.5297091570097705 0.5125868055555556 0.8946830265848671 0.04079861111111114
12 0.5275789593274256 0.5516493055555556 0.8108952510793002 0.019965277777777787
12 0.2307714155873665 0.5750868055555556 0.24000227221086112 0.014756944444444428
12 0.22083049306975688 0.6015625 0.22296069075210184 0.013888888888888857
12 0.30319813678709384 0.6271701388888888 0.3905362417632356 0.0147569444444445
12 0.24355260168143605 0.6497395833333335 0.27124517155192 0.014756944444444428
9 0.37420472619859124 0.7664930555555556 0.2570438536696205 0.15451388888888887
9 0.7732617586912066 0.7452256944444443 0.2314814814814815 0.14149305555555558
10 0.5495910020449898 0.7465277777777777 0.8890024994319474 0.1614583333333333
