10 0.5005347887674968 0.7520167635515403 0.8483485921223959 0.19072459433316055
9 0.31108889261881517 0.6629876050903899 0.18881907145182292 0.13516029249435352
10 0.4865707651774089 0.3059372110954393 0.8313010660807292 0.13743784755327126
6 0.257271728515625 0.07482622020052507 0.16299097696940104 0.03945750647811528
5 0.13445232391357423 0.0711448384687234 0.07580034891764323 0.05281364748263246
4 0.7688219197591146 0.05381919987393781 0.3348488362630208 0.015899965548402326
12 0.24203726450602212 0.17951813467305983 0.32617212931315104 0.01507391183862189
12 0.8236625162760417 0.15512433888222935 0.12241719563802084 0.01548246410785693
1 0.48691088358561196 0.1508035343405195 0.21338475545247396 0.027779059387496297
4 0.68916259765625 0.09689152071261294 0.18570383707682292 0.013130893074505701
12 0.48583168152959266 0.4651691924904194 0.8086060435773708 0.029499903674374255
4 0.7877511850992839 0.12257832712471767 0.22243118286132812 0.014653246549633441
12 0.3336149760919013 0.4948167484518472 0.5003911771700388 0.01508204744890402
12 0.23894694646199546 0.21699162343102046 0.34536827087402344 0.014942657326070053
12 0.48847635269164974 0.5500673229698166 0.8098270670572906 0.09231096825206508
4 0.7180079905192056 0.03020859103632199 0.23888819376627604 0.018217179447553734
12 0.15605194091796876 0.19813397484368056 0.17185139973958333 0.013449375098350489
12 0.48613732020060213 0.418670642503761 0.8136919657389322 0.053890994550831926
12 0.604375737508138 0.19927845633990393 0.10941879272460937 0.018102401805714975
12 0.48109130859375 0.6152194958727506 0.7997747802734375 0.04421935601257035
2 0.48665027006115275 0.9549932977034566 0.8054468150209226 0.02871168959197271
4 0.6715856481481481 0.07552083333333334 0.14896990740740726 0.019097222222222224
4 0.24360243055555553 0.015190972222222224 0.45057291666666666 0.016493055555555556
12 0.5726793981481482 0.17795138888888887 0.05372685185185191 0.020833333333333322
2 0.46400462962962963 0.9305555555555557 0.24421296296296305 0.02430555555555557
