9 0.47234867880445447 0.1961643706717992 0.07464724170918367 0.053890994694679305
9 0.31263564033448416 0.18432348939381776 0.19236477503035465 0.13738257699905465
9 0.620491447029533 0.15778973113456274 0.1839859272284635 0.13239569642228077
12 0.2256617343968462 0.3150974082075842 0.15802738543020875 0.016184140558112157
12 0.18594800508939302 0.36692010539851777 0.08357223199338329 0.015310592302993009
12 0.5690740229009272 0.36674802597254924 0.08219155112465659 0.016095444492009132
12 0.6084982304595516 0.31443600240907715 0.15771340650142268 0.015875028148633705
12 0.19610311247677406 0.28862441946926726 0.10527403874898818 0.015054014719784532
12 0.5526760227077611 0.2880170290872931 0.04527170130371861 0.014206977739726028
12 0.5517118684538118 0.23610539196833083 0.05048958435537677 0.01728639646207905
12 0.2357349605350704 0.21056208327480647 0.18652748575015943 0.01791167585817102
12 0.6535020046743156 0.2624405551718795 0.2456350281624068 0.01790369808946026
12 0.16628005478408311 0.3933671750978792 0.04707827485711833 0.015675549093446775
12 0.25253469565973924 0.18423753677437837 0.2205581784809777 0.01735135082784853
12 0.16672068525520933 0.41951497395833337 0.04525700543701555 0.01503840755654252
12 0.16746852760973682 0.23541674330898615 0.04991075644500589 0.014153955189604737
12 0.34056045795722134 0.15742767020447615 0.23683815661180335 0.016313265447747218
12 0.18214044016983297 0.21087579422345443 0.07929815415123381 0.0172299424262896
7 0.5163517686972625 0.9283782749959866 0.11766342091223508 0.02009471039793807
12 0.552657793604972 0.3403252031160816 0.04909741747510302 0.01682744831799372
12 0.26440659647272374 0.15827450686938144 0.24429977632579475 0.016279037684610444
12 0.26296993477191055 0.2628239409564293 0.23181363140208006 0.01646365858104131
12 0.2569329517789688 0.13268463361208843 0.2226562020917141 0.01639223316488745
12 0.6561864975670256 0.15776095107265803 0.23983141840720662 0.017597668791470462
12 0.5521034228745585 0.3930992230977097 0.0440268524026197 0.015119578740368152
12 0.16649550433435845 0.3405816936057452 0.04451207949939291 0.013848465871593179
12 0.1791782948061286 0.3391487260931703 0.06896486387148008 0.012139760195936787
12 0.6181711050180287 0.2108993965741162 0.18762063306392268 0.017455375357849957
12 0.55269530579284 0.4194064031452893 0.04594802257591739 0.01519660427145762
12 0.1725041435876484 0.39162061856761915 0.05822813791607388 0.014033696422838185
