9 0.33909384727478026 0.2913571187894638 0.20810968399047852 0.1403107316526648
10 0.4703137254714966 0.39912674525012704 0.8436115264892579 0.2537415648159915
5 0.11741054058074951 0.09548076864791243 0.07409564018249512 0.0530531504382826
9 0.9077371597290039 0.7670996940299255 0.09904029846191406 0.14253407308500107
9 0.6771773338317871 0.3940189831877408 0.11861972808837891 0.1369102164490582
4 0.7660304641723633 0.0814249188932654 0.33534934997558596 0.01509492038047477
6 0.24044291496276857 0.09849305675454335 0.17327281951904297 0.041313844184352924
2 0.44924516677856446 0.9348234411788313 0.2668728256225586 0.014519469378745719
12 0.28455763816833496 0.046672321345708145 0.35874515533447265 0.011753715880929607
4 0.6663565635681152 0.10203522852022355 0.1330527114868164 0.014250637733773008
4 0.6814919853210449 0.12288881981209533 0.16360599517822266 0.013601054883983037
12 0.80783447265625 0.6549567392427628 0.05884384155273437 0.021937174339816994
4 0.7184431769204551 0.05735638370252632 0.24070066963680847 0.018670669973713062
12 0.27967644691467286 0.14783897791823297 0.3651420593261719 0.018585165886029806
2 0.46680634694023354 0.9554101604304893 0.8123010977760259 0.02080838974208048
