10 0.4999699274698893 0.7456713982348172 0.8124339803059896 0.22559241528780954
5 0.15504086176554363 0.08003540983739889 0.070863889058431 0.05166485174646917
9 0.32755917867024736 0.6680637935422502 0.19828587849934895 0.13998621814655807
9 0.7229571278889974 0.6725032554482514 0.21414271036783855 0.15236206774441702
4 0.7760470581054687 0.061926648301898306 0.3224395751953125 0.014377162141619987
6 0.27435840606689454 0.08131229652548737 0.16258394877115886 0.038847923278808594
1 0.5005691146850586 0.15648192279743697 0.2022797393798828 0.029526188688458136
4 0.7290460205078125 0.0396078273935138 0.22945515950520837 0.0171795498650029
10 0.49609137852986657 0.26936694810975276 0.8176272583007812 0.058010245269199595
4 0.26380412101745604 0.023362406019894585 0.4299035135904948 0.016178547211413114
4 0.7960394287109375 0.13000883246367834 0.21450968424479167 0.014677911434533461
4 0.6819622294108073 0.0830661080918222 0.13550923665364584 0.014303558277633955
2 0.48673185984293627 0.9201195914790316 0.25667818705240886 0.014562210946712853
2 0.4955651985624043 0.935385650058956 0.7699783827824193 0.01680913961158606
12 0.6295646921793621 0.2045204774388727 0.10742965698242188 0.01480044958726415
4 0.703745142618815 0.10389813837015403 0.17000717163085938 0.0132364237083579
12 0.2576279958089193 0.18365158225005526 0.3212097676595052 0.01574987735388414
12 0.4998656590779622 0.3328718329375645 0.8105775451660157 0.033475012149450915
12 0.5054921467144823 0.370234273514658 0.816983795356843 0.0354574311454341
12 0.17765278498331705 0.2025009551138248 0.16828964233398438 0.015246661204212118
12 0.2641487566630045 0.2213308226387456 0.33476280212402343 0.014690291206791715
12 0.833978042602539 0.16171831454870836 0.12064926147460937 0.013093840401127653
12 0.34414332107379436 0.43619978202963744 0.4763712558016294 0.015231618341409937
12 0.5016814674875996 0.5933803342423349 0.8092261246724648 0.03703480846477004
12 0.6039384206136067 0.1853865497517136 0.05449020385742188 0.01549213337448408
12 0.5140390523274739 0.4103572413606464 0.8342678833007813 0.0332500529739092
12 0.37702675890576015 0.5027349744051243 0.5345452831516898 0.03503104557745932
12 0.44729174296061175 0.5492796983268945 0.6890315246582028 0.013184816414439504
12 0.3864747240340063 0.5301134452527442 0.4985701497395833 0.015564180770010322
12 0.501625452262718 0.45472573334315797 0.8075840185497165 0.014228820800781201
12 0.17339715321858723 0.4728801475380952 0.07356099446614583 0.013275542349185585
12 0.2538847541809082 0.5659837542839771 0.30883331298828126 0.014235298588590801
