9 0.41931761941171364 0.6836393951490998 0.1581390481411527 0.23837351506113713
9 0.7676064304307815 0.4426987669098875 0.24630601559282328 0.3626043521215641
9 0.23705203764913896 0.44474224493603154 0.22090606438072746 0.32119102384300136
12 0.2118932623446871 0.8859529237489443 0.4140140338627471 0.05023545773667844
12 0.10368478121435426 0.7578475914657555 0.18664153600249692 0.0489229019502457
12 0.7246111849387356 0.6558052269188134 0.24524086664693162 0.06992105769876766
12 0.5763836378320634 0.4720330203194583 0.06140327767838756 0.04048869065043381
12 0.20098788812879284 0.8216430514098971 0.3806749372152363 0.042810388513513514
12 0.13961965287536923 0.628229689539504 0.2450137947497297 0.04314510710995086
12 0.2107428467450464 0.1649153238432413 0.35154970473866093 0.062344337857033166
12 0.0826463715052094 0.4397868125971764 0.11753762259318369 0.04476685020203087
12 0.1053754203205643 0.378005550300167 0.16049865521551948 0.046411425241381296
12 0.736751424421785 0.35725852722617857 0.3858956803599928 0.1434968765596207
12 0.24153235716717641 0.3152325229504185 0.4363499347617638 0.05574211851677671
12 0.574471437557918 0.5372575202210822 0.0603624623532743 0.0445726474321445
12 0.16311191766226707 0.5627855680498502 0.2828856818562088 0.05128992628992629
12 0.25710255844652724 0.5021815569453514 0.46718106089676775 0.04240046320734808
1 0.46999776582926406 0.07595469429924609 0.7630552165030049 0.11197972270621667
