9 0.4670278487666961 0.45243500182009655 0.18811424009261593 0.13286903013901752
9 0.5369098048056326 0.7014696931662333 0.18151594592678932 0.12919088359842548
9 0.40900739854381934 0.3064270367409028 0.19736173076014368 0.13867978921946245
8 0.28069985912692164 0.21002716473209515 0.14476955782982612 0.01857491659282381
12 0.3756407583913495 0.15222899816626667 0.3486871042559223 0.01961965444047895
12 0.2643135439965033 0.7625663889952622 0.21458910049930696 0.020722661816044458
12 0.4073543671638735 0.09377333825046978 0.3879365490328881 0.020572109010424087
12 0.33847664863832533 0.3547658977361784 0.3634483091292843 0.019987109041037333
12 0.29857891451927926 0.12225966237487532 0.16444972868888608 0.018487999329848247
12 0.35400497682632937 0.4425913652282523 0.40505983906407506 0.01728361167266315
12 0.37197185639412167 0.47199442992016066 0.4253231909967238 0.021078784297965943
12 0.4293951083164987 0.18292803368904081 0.5269580497716787 0.020713269116023097
12 0.23996422675348097 0.7328471207965233 0.17511551149429813 0.020358085904103734
12 0.3240377610729587 0.2966552630011666 0.3380060011340726 0.019654085643612852
12 0.3804330030790396 0.6755027738382547 0.45728907334513463 0.020314601181782563
12 0.3687991384242111 0.7038800687183846 0.43870611415625993 0.018148157527963796
12 0.5057314841978012 0.6310454143649549 0.6970252252394153 0.04255253768367191
12 0.3453409379528415 0.3845286854450164 0.36844935263356854 0.02308503023475349
12 0.3449203122046686 0.588880546006697 0.3818512701219128 0.01663648942896837
12 0.38178339312153475 0.4126552648101311 0.4450870144751764 0.02057495291126389
12 0.2604197834082649 0.5007796288895519 0.21002271227558203 0.02000464208107722
12 0.48515099556215346 0.5890265850981404 0.3527364177088584 0.016490380761969223
12 0.5025473194737589 0.2980949290969427 0.296146737375567 0.019640431440804004
12 0.605419183546497 0.2983891380312233 0.08762659872731855 0.01855879245778712
12 0.3525677113401301 0.5306361000841587 0.38877927379781324 0.01837483468847962
12 0.5092815030005672 0.2556176996180819 0.69910155265562 0.05304809118071388
12 0.31373930900327623 0.32606916408587744 0.3154035998928931 0.019952773504292535
12 0.4833079567092294 0.5611979166666667 0.6571023045474911 0.02170138888888893
