10 0.5023742876885554 0.528376579284668 0.8584648019203048 0.19385147094726562
9 0.28880369132983036 0.5294804573059082 0.21820910483647807 0.1633402633666992
9 0.9383278961433021 0.5825653839111328 0.0238233186071355 0.09083709716796876
5 0.21388130879284326 0.03736761689186096 0.0730351129120225 0.03816733360290527
12 0.4984753402885927 0.27524121284484865 0.8453520974374485 0.08440023422241211
12 0.22532719167492535 0.6658768463134765 0.297437539014235 0.025451202392578125
12 0.4955275785392748 0.18419489860534669 0.845284325287016 0.08292127609252929
1 0.5219309019688916 0.03472782015800476 0.5943265660394358 0.03480869770050049
12 0.37804718268958504 0.39657527923583985 0.5461459968981672 0.02397941589355469
12 0.496381304016616 0.35225658416748046 0.8423813343833659 0.05162124633789063
12 0.4138618867226851 0.09669438905084964 0.6808013681333207 0.02620932711292968
8 0.15273201537616696 0.125 0.15444810543657334 0.02083333333333334
