12 0.17453294001966568 0.09635416666666669 0.10816125860373647 0.017361111111111126
12 0.497787610619469 0.15147569444444445 0.7571288102261553 0.0876736111111111
12 0.5008603736479842 0.2426215277777778 0.7632743362831858 0.08420138888888885
9 0.9427236971484758 0.41145833333333337 0.05408062930186816 0.1510416666666667
9 0.9112751191353794 0.6282287950562557 0.0417895828222792 0.1154513888888889
8 0.20894788593903638 0.3133680555555555 0.17207472959685347 0.01736111111111107
12 0.498402163225172 0.3524305555555556 0.7583579154375613 0.0538194444444445
8 0.1708456243854474 0.40364583333333337 0.1007866273352999 0.017361111111111143
12 0.496558505408063 0.43185763888888884 0.752212389380531 0.030381944444444357
12 0.497787610619469 0.46918402777777773 0.7571288102261553 0.033854166666666644
12 0.49532940019665683 0.5073784722222222 0.7546705998033432 0.03211805555555557
12 0.3472222222222222 0.5316840277777778 0.46091445427728606 0.014756944444444428
12 0.39823008849557523 0.546875 0.5530973451327433 0.013888888888888857
12 0.2980580137659784 0.6271701388888888 0.3527531956735497 0.019965277777777787
12 0.15916912487708948 0.6614583333333335 0.08235004916420845 0.015625
12 0.14196165191740412 0.6931423611111112 0.04056047197640119 0.01475694444444457
12 0.6919862340216322 0.6271701388888888 0.3490658800393313 0.018229166666666644
12 0.5653883972468043 0.6631944444444444 0.08112094395280238 0.015625
12 0.5469518190757129 0.6953125 0.03933136676499501 0.020833333333333145
9 0.35521141454807015 0.6649305555555555 0.18190755438468587 0.13020833333333326
9 0.7343903300083094 0.6362847222222222 0.20526063791848434 0.15104166666666655
