10 0.49148821353912353 0.7433006637087981 0.8991854858398437 0.20805466722683852
10 0.4940940523147583 0.2974081477512319 0.9054099273681641 0.22319115682541268
9 0.6721040534973145 0.7153716879261677 0.20223918914794922 0.1344377497480952
9 0.33446520805358887 0.714479183560968 0.20272111892700195 0.14255650388899624
5 0.0883415699005127 0.08879757938452407 0.07825742721557617 0.05962727684856725
1 0.49372976303100585 0.164506029324481 0.16813838958740235 0.03230490532864951
6 0.22165481567382814 0.09151881322422634 0.18001415252685546 0.04356245438538676
4 0.8335551452636719 0.06595078795200524 0.22259429931640626 0.01773147448212856
12 0.48597753358488305 0.42670512115155 0.8850662007452056 0.03054084373447162
2 0.48443021774291994 0.9105328131901501 0.5083539199829101 0.014872520635490282
12 0.4849105215633617 0.45973308010573094 0.8937104941536398 0.032264305087787104
12 0.48966395777413807 0.49279394250876435 0.9026120027293675 0.03475914405849712
12 0.489039627175371 0.6161578013281931 0.889381765101136 0.0333425029848995
12 0.2903429365158081 0.5147867640842397 0.4619999694824219 0.012854208794583702
4 0.17395256996154784 0.044204096912074 0.21705162048339843 0.017740239524167332
4 0.8213254928588867 0.10916007618179592 0.24163536071777345 0.01729452989126684
12 0.48681304687812554 0.5404552785209661 0.8829715009136353 0.03154368356026328
12 0.18954163451555398 0.5930085199039303 0.295469877331197 0.01281738281249998
12 0.19063450253310316 0.5777689256432194 0.2930102651059126 0.01171465223332596
4 0.8648684310913086 0.08666095801040057 0.15661109924316408 0.015588915390176402
12 0.39638097524843274 0.5607998581741389 0.7117307329137796 0.016245488143219973
12 0.443545970916748 0.5781663281336269 0.503332748413086 0.012928723446471953
2 0.48702039930555574 0.9270833333333335 0.6767925347222224 0.013888888888889
2 0.49684678819444456 0.9457465277777777 0.36234809027777787 0.01649305555555557
