9 0.6706587982177734 0.3309893660111861 0.1816455078125 0.13336850253018465
9 0.30899099349975584 0.41947230945933944 0.17487003326416015 0.13631960782137784
9 0.9490142440795899 0.7031353759765625 0.02914085388183594 0.09818936434659092
9 0.947751693725586 0.5220510309392756 0.03298751831054687 0.09998740456321023
12 0.1758226776123047 0.31610354336825286 0.12672779083251953 0.020004993785511363
12 0.5566116905212403 0.8886192460493609 0.4982245635986328 0.020045110529119323
12 0.46114423751830963 0.7642028264299127 0.6710501861572253 0.12976307473482734
12 0.6157988548278809 0.3159786155007102 0.2644331741333008 0.021140192205255683
12 0.14936567783355714 0.4269875543767756 0.08335204124450683 0.01804559881036932
12 0.15061019897460937 0.45425270774147725 0.08412258148193359 0.017766002308238635
12 0.2104455852508545 0.2876847145774148 0.20423637390136717 0.020268776633522726
12 0.14779304027557372 0.4811517056551846 0.08155144691467285 0.0172760009765625
12 0.14971123695373534 0.399245078346946 0.08347444534301758 0.018346224698153408
12 0.4526061058044434 0.19001815795898438 0.6806834411621093 0.04151849920099432
12 0.188070125579834 0.6897724498401989 0.1673739242553711 0.018466352982954546
12 0.5970699501037597 0.4535526206276634 0.22768978118896485 0.01786862460049716
12 0.4576174545288086 0.23299331665039064 0.7096865844726562 0.01690177223899148
12 0.2782353687286377 0.1583583554354581 0.2051338768005371 0.01380491776899858
12 0.6446003341674804 0.4123708274147727 0.3280724334716797 0.04191644841974432
12 0.4529274559020996 0.11432812083851207 0.5747946548461914 0.02595968073064631
12 0.44281672477722167 0.2146596943248402 0.7058602142333984 0.02118958906693892
12 0.34370193396901366 0.1405790224942294 0.4737095243711329 0.019271448308771297
12 0.21352712783418568 0.8512115478515628 0.21952146225765404 0.016760253906249988
12 0.35449195732879946 0.870563132546166 0.43504194001770635 0.016662597656249993
12 0.6168768692016602 0.48164295543323865 0.27441017150878905 0.018772083629261364
12 0.5652072715759278 0.3707468206232244 0.16825946807861328 0.019109108664772726
12 0.17001007080078126 0.3709567538174716 0.12412635803222656 0.019243885387073865
12 0.45833333333333326 0.5520833333333333 0.7233072916666665 0.1163194444444445
