9 0.9792237624623418 0.3032037756908899 0.03762009564568015 0.1144499855479975
9 0.7882778441983891 0.11257335180523752 0.10599428064682904 0.04451694707760866
12 0.4957521974650863 0.8291596511314655 0.24074833689172284 0.022319223688936782
1 0.4796527538424224 0.2172368981372351 0.4358298108468648 0.026551924080684266
12 0.4973154878304675 0.7966448553677261 0.2378908294478273 0.02331353549299569
1 0.49820175669551675 0.27523250360598506 0.5694602018867443 0.030861953209186423
12 0.5338529200335733 0.7303462938330639 0.4268278234145221 0.02358068707345546
1 0.4886638451584466 0.434027581025322 0.19003589719985312 0.0347222222222223
12 0.5003872208605665 0.5546875 0.3640301606753813 0.026041666666666713
12 0.5225992306644881 0.6996527777777777 0.4356021922657952 0.019097222222222286
