12 0.23133680555555558 0.09071180555555555 0.2221324233716475 0.0234375
12 0.28042684386973177 0.1310763888888889 0.3399485153256704 0.02604166666666666
12 0.5105363984674329 0.1796875 0.7903496168582376 0.03645833333333329
8 0.22581417624521072 0.234375 0.2258141762452107 0.015625
12 0.2687679597701149 0.25564236111111116 0.2209051724137931 0.016493055555555535
12 0.5050137691570881 0.2881944444444444 0.7768498563218391 0.03125
12 0.5117636494252873 0.34114583333333337 0.7854406130268198 0.05381944444444446
12 0.5154454022988506 0.3940972222222222 0.7878951149425287 0.03819444444444443
8 0.16015625 0.44401041666666674 0.08713481800766283 0.0164930555555555
12 0.35590277777777773 0.46744791666666663 0.39517480842911873 0.018229166666666713
12 0.4283105842911877 0.4874131944444444 0.5448994252873564 0.0164930555555555
12 0.5142181513409961 0.5217013888888888 0.7829861111111112 0.036458333333333356
8 0.23256405651340997 0.5733506944444444 0.22704142720306514 0.021701388888888857
12 0.5117636494252873 0.6059027777777777 0.7928041187739463 0.03472222222222222
12 0.5148317768199232 0.6579861410517021 0.7817588601532566 0.057291726547849135
12 0.5129909003831418 0.7217881944444445 0.7928041187739464 0.05815972222222214
8 0.18224676724137928 0.7834201388888888 0.12886135057471262 0.021701388888889
12 0.513604525862069 0.8376736111111112 0.779304358237548 0.078125
12 0.23685943486590033 0.8901909722222223 0.15217911877394638 0.019965277777777714
