10 0.5052710342407226 0.3696129816228693 0.7050721232096354 0.24475537849195075
9 0.9618947347005208 0.4016869562322443 0.06773030598958334 0.12741510564630681
12 0.28603458404541016 0.11628235788056344 0.27879669189453127 0.018098089044744317
9 0.9801387023925782 0.6210567220052083 0.032067362467447916 0.10463859789299242
12 0.6623200988769531 0.11727774417761601 0.29804534912109376 0.017255017829663825
12 0.31397713979085284 0.5484220007694129 0.27620717366536457 0.015718143347537877
12 0.5879918924967448 0.1409536696925308 0.15340545654296875 0.01590234929865057
12 0.380192532703189 0.8504262843276514 0.4083808037342474 0.01942294034090909
12 0.28422967274983724 0.13930597478693182 0.2642809041341146 0.015262895063920454
12 0.32519835154215493 0.23021073774857953 0.3185719045003255 0.015571215080492425
12 0.4563395563761394 0.734444247159091 0.5776492818196615 0.018830640388257575
8 0.21514053344726564 0.7796748120857008 0.13178120930989584 0.018075210108901514
12 0.49254580179850266 0.19399517637310607 0.6756746419270834 0.037827888257575756
1 0.5051482009887696 0.07534142002914891 0.3609164683024089 0.02396128798976089
12 0.6210578409830729 0.5494597833806818 0.17055948893229167 0.016918279474431818
12 0.516063346862793 0.6983351089015152 0.7057620747884115 0.04094179095643939
12 0.514702942782138 0.514705683702547 0.6800330217947449 0.03975752921854394
12 0.27421457926432297 0.8275799005681819 0.1948881022135417 0.01700017755681818
12 0.4562346271164344 0.8040798117897724 0.5605129743641374 0.01740130800189393
12 0.19151728947957355 0.6625634395714962 0.09424493153889973 0.018240337949810607
12 0.5197268439014503 0.5945832223603221 0.6755461087465772 0.05935021602746227
7 0.5041397054270971 0.9200516764322917 0.04549825841663928 0.017214355468749987
8 0.324360720316569 0.22999639337713065 0.31202794392903643 0.014871419270833332
8 0.19257705052693688 0.6624460301254734 0.09380433400472005 0.01818884647253788
12 0.5059334818522135 0.07520835876464843 0.3561702473958333 0.024275646787701232
