10 0.48348973751068114 0.3049853269774108 0.8242350006103516 0.1392564122188321
9 0.9810046768188476 0.8220879442846295 0.03799064636230469 0.13481848294179619
9 0.9680826950073242 0.6931312414059079 0.06364326477050782 0.13229241847156853
6 0.25747113227844237 0.07682135226221302 0.16409170150756835 0.03943700172437678
5 0.13597795963287354 0.07327786427245667 0.07534720420837403 0.05242351725723614
4 0.7168107604980469 0.02855585251923409 0.22855087280273437 0.01765089653001775
1 0.49057748794555667 0.15005760393293016 0.2109170913696289 0.028832457320285134
4 0.7653118324279785 0.05211103442671419 0.3148586654663086 0.01407274890906339
4 0.7854690933227539 0.11937583348796998 0.2258051300048828 0.01501551693249918
2 0.48608165740966797 0.92218017578125 0.1642596435546875 0.014804926937390543
12 0.4175766572265125 0.6650381721938158 0.6624006306760697 0.02070624002713624
4 0.666558609008789 0.0732141384518919 0.13407180786132813 0.013483364820062802
4 0.23886231303215028 0.016762391907112404 0.4479434204101562 0.014815338856284548
12 0.4951324706063697 0.522247314453125 0.8317986297607421 0.032325544206983366
12 0.5130987453460694 0.48491645986687276 0.8397483062744141 0.03349889431233581
2 0.5011976718902588 0.9378591026399683 0.7136369323730469 0.018194783172340193
12 0.23743407249450685 0.17874981267230938 0.323790397644043 0.015107497233643005
12 0.8262934112548828 0.15201296697773575 0.11448150634765625 0.015123744770858417
12 0.4952458984006782 0.7111926237463738 0.8243385254642671 0.033731757863808
12 0.5097265529632569 0.4105292752828782 0.8514060211181641 0.03534496728259085
4 0.678327808380127 0.0953290775653151 0.14347072601318359 0.013902026174782454
12 0.5134206008911133 0.4475534442427279 0.8415499114990235 0.03758758170800952
12 0.4904489656497649 0.5600324320083324 0.826724853515625 0.03450073669754269
12 0.24634039878845215 0.21468351935338223 0.33422767639160156 0.014619924141103875
12 0.24205630302429199 0.684459091694259 0.3152503967285156 0.014834856611208404
12 0.33806978225708006 0.5885895363294932 0.5013212203979492 0.013790952345118214
12 0.7400497436523439 0.17507827010547217 0.295662841796875 0.018046163635788363
12 0.6375000762939453 0.19412399799727725 0.10529434204101562 0.01849651169651653
12 0.4888302993774414 0.6267530436865896 0.7965210723876953 0.045484552867775835
12 0.16329792976379395 0.19687025935345062 0.1685301208496094 0.014616102763107488
