9 0.6835332997639973 0.7930636974649691 0.19720738728841145 0.1338802652621488
10 0.5157522837320964 0.3415185245898886 0.7352353922526043 0.18760117697059558
10 0.5157817791595005 0.7911758877842893 0.7386701808981209 0.17319108455004428
9 0.4102520116170247 0.7497360509469969 0.19715181986490882 0.1362853443950688
1 0.4992702229817709 0.16373937939285138 0.20139190673828125 0.028558626087433706
6 0.2908794530232748 0.09163837257875215 0.14185244242350262 0.033885903314712945
5 0.18607508977254233 0.09055852890014648 0.06225116729736328 0.04455955750351652
4 0.7656092834472656 0.06637738604064382 0.27465301513671875 0.014235277788354716
12 0.600143478925411 0.6056084589127007 0.5153499257870203 0.014596361632740841
4 0.7452540842692058 0.044089807282894036 0.23075871785481772 0.018276494577390338
12 0.7101767985026041 0.1921934775256236 0.30603413899739584 0.018063256499964164
8 0.321595573425293 0.2268901439981723 0.3552269236246745 0.017226647893223195
12 0.22313390096028649 0.2076308661644612 0.13698486328125 0.01489504542919474
12 0.32203857421875 0.1901578378239903 0.31873280843098956 0.019685780236480432
12 0.6117790222167969 0.21186493514874663 0.10751118977864584 0.014627736642820027
8 0.3218399683634441 0.6586655433024836 0.3148077392578125 0.015091712321710148
8 0.22458716074625648 0.6051165379515482 0.11389600118001302 0.013430814130590597
4 0.7533140563964844 0.1388623298855003 0.23128224690755206 0.01580376581314507
12 0.5484666633345816 0.5357911871113902 0.23350008241869008 0.01913462647604281
12 0.5281683602916106 0.4772793166073124 0.545042603687387 0.01607556124810222
12 0.45784506479899095 0.585644223274441 0.5607365926106771 0.012847060457282112
4 0.692610804239909 0.08593837055591269 0.13239690144856772 0.012840332241233337
12 0.7852954101562498 0.1704512342400507 0.1317798868815104 0.015385531504219825
8 0.2987031780034546 0.5318896617364434 0.2618499951263752 0.012844645648921283
4 0.7132178751627605 0.10590373047994911 0.1758394368489583 0.012506502483962874
12 0.5754198390513711 0.6786620463800002 0.5437365344623625 0.016810495919043877
12 0.28700174967447917 0.09157896916800683 0.1489140828450521 0.032504729174692694
12 0.49190748251694105 0.46106518736672925 0.4048988716360402 0.018944661551659223
4 0.1431886574074074 0.03993055555555555 0.18797453703703704 0.015625
12 0.511568287037037 0.5026042308250761 0.6926041666666666 0.03645846165015262
8 0.20689814814814816 0.47786458333333326 0.08578703703703706 0.0147569444444445
8 0.2264525462962963 0.4578993055555556 0.1223726851851852 0.018229166666666713
8 0.26366898148148143 0.5503472222222222 0.19175925925925924 0.015625
12 0.563292824074074 0.5512152777777777 0.4024421296296296 0.019097222222222213
8 0.27186921296296296 0.5690104166666666 0.21068287037037037 0.01649305555555557
12 0.6213252314814814 0.5716145833333334 0.48065972222222214 0.01649305555555557
8 0.2415914351851852 0.6241319444444444 0.15265046296296295 0.015625
12 0.2676037152608236 0.6401988388201513 0.13538506825764973 0.01446946170351921
12 0.5935706018518518 0.625 0.5311226851851852 0.019097222222222286
12 0.3664872685185185 0.6948784722222223 0.3545023148148148 0.014756944444444428
8 0.23086805555555553 0.6766493055555557 0.12363425925925924 0.014756944444444428
2 0.48570601851851847 0.91796875 0.2674537037037037 0.016493055555555712
2 0.49895254629629626 0.9353298611111112 0.682511574074074 0.019965277777777856
