10 0.48234617551167824 0.30258282704536216 0.8593817138671878 0.156420881351922
9 0.9511510721842447 0.5289496159469081 0.09090240478515625 0.13228588261880164
12 0.5036351267496743 0.8117782815588002 0.7910187276204422 0.06975944138280117
8 0.21904913584391278 0.8573355106142084 0.16174980163574218 0.016644870798590613
12 0.4937061691284179 0.6360331280663818 0.7214849344889323 0.01668723573909396
12 0.5057879892985027 0.5324815629433831 0.7940817260742189 0.03251188564187943
12 0.5096168645222982 0.46569273201182865 0.80856694539388 0.07405041202323698
12 0.3655678176879883 0.21291762963377178 0.45755950927734373 0.014620442035769628
8 0.212036616007487 0.5601487773368322 0.17945500691731772 0.016000939091093565
12 0.48754946390787757 0.6789409903173886 0.7049177042643229 0.030001265380571133
12 0.7688734690348308 0.17748078545544477 0.238559824625651 0.01539305559719045
1 0.504323844909668 0.07418430738212649 0.16581713358561198 0.02369539965705016
12 0.49875812158663535 0.8955726120105253 0.7964415030813111 0.05099487144394194
12 0.9549277750651042 0.19388101120625645 0.0776434326171875 0.008788684182915805
12 0.6524402364095052 0.13991596172382306 0.1390985107421875 0.016171830322553867
7 0.499373041788737 0.9437301257425104 0.11608627319335937 0.015543715872195985
12 0.5016277671591919 0.7227011436273232 0.780132517960962 0.036106150153113845
12 0.2138331886574074 0.15711805555555555 0.21199508101851852 0.01736111111111111
12 0.3314720775462962 0.17708333333333337 0.4472728587962962 0.015625
8 0.24630642361111107 0.19661458333333331 0.2107696759259259 0.014756944444444428
12 0.7236017071759258 0.15711805555555555 0.07720052083333329 0.01736111111111111
12 0.8712630208333332 0.1401909722222222 0.08332754629629634 0.013020833333333339
1 0.8050911458333334 0.1150173611111111 0.18626157407407404 0.01996527777777777
12 0.5048668981481481 0.40234375 0.8896440972222222 0.03732638888888886
12 0.3112528935185185 0.5785590277777778 0.3504658564814814 0.01649305555555557
12 0.25610966435185184 0.5980902777777778 0.23282696759259253 0.013888888888888857
12 0.242017505787037 0.6154513888888888 0.19974103009259256 0.01736111111111107
8 0.2567223668981481 0.6545138888888888 0.2365031828703703 0.017361111111111
12 0.44359664351851846 0.7486979166666665 0.622505787037037 0.01649305555555557
12 0.4460474537037037 0.7660590277777777 0.6200549768518518 0.014756944444444428
