9 0.6687404208713107 0.8180332573092715 0.2087713736074942 0.13954271589006698
10 0.5029231389363606 0.3778931559348593 0.7796410454644096 0.17703375524404097
9 0.2766304722538701 0.8165402704355667 0.21338797675238716 0.14384592795858578
12 0.2885007928918909 0.16811466217041016 0.2940910056785301 0.02226070481903699
12 0.7428697091561777 0.1309600946854572 0.20912820321542244 0.020408513594646842
12 0.4655352274576823 0.6055519532184211 0.3190236974645544 0.020641443680743783
12 0.45645428410282846 0.5686174898731465 0.2989662735550492 0.021320187315648914
12 0.4220132898401331 0.242190526456249 0.5479899088541667 0.019800322396414622
1 0.5018106248643663 0.10243698528834752 0.28156201397931135 0.03252701856652085
12 0.3466184686731409 0.6803936860999282 0.2699908786349826 0.02094066386320153
12 0.4322805648574413 0.7185641697474879 0.5823241840962439 0.022985341597576498
12 0.367646309181496 0.6440053472713548 0.47568766276041674 0.022387485114895567
12 0.24138304392496743 0.20538873088603118 0.18221295674641927 0.020401468082350126
12 0.38202857555764447 0.4939509021992584 0.46969950058646054 0.019092248410594696
12 0.39122671904387296 0.5304659434727259 0.49838053385416664 0.02058321115921955
12 0.30622294390643084 0.7919394823969627 0.2629159998010706 0.01795196533203125
12 0.2622916698682671 0.8672293838189574 0.24266747368706595 0.021671840122767856
12 0.6720866077480386 0.8293518144257213 0.24983527969344763 0.01789645759426817
8 0.293413331773546 0.27852352298035915 0.3193198592574508 0.01818104179538026
12 0.6713562859429253 0.8655176618763405 0.24377017550998265 0.021567909085020726
12 0.6496218928584346 0.791437849706533 0.21244196008752894 0.020071146439532846
12 0.24506650854040074 0.7908257075718471 0.21191601223415799 0.018938259202606823
12 0.2469932273582176 0.8287415017887038 0.21678517659505206 0.019628719407684948
