10 0.5099674911499024 0.31487496647111446 0.8628817749023437 0.2555439517845637
10 0.5107221145629883 0.8026697442528075 0.8596054077148437 0.2206130554468888
5 0.1273150520324707 0.0934686590540216 0.07943563079833985 0.05741827828543527
6 0.2549583282470703 0.0944192686909604 0.17017532348632813 0.04522641031661336
9 0.3628778686523437 0.767480369871249 0.19273968505859376 0.1403543418917986
1 0.5135157318115234 0.167738559144235 0.16490872192382813 0.031946319894692335
4 0.8311131591796875 0.06858113588043797 0.214744873046875 0.018101468879800832
12 0.512490782310432 0.5321672577218901 0.8566050137482758 0.03263210021343427
4 0.21069083404541014 0.047827936939357475 0.21567816162109374 0.017750851008958773
12 0.5058830337524411 0.5836966538574239 0.8405101318359371 0.04581756874899695
12 0.5086282348632812 0.6708474250535024 0.8471239013671875 0.03341229850308358
12 0.5114558341741713 0.4683855194406412 0.8503807373046876 0.03221312397885217
12 0.30524120860832227 0.554151914256662 0.4479717407226563 0.014146987398172862
9 0.7147355651855469 0.8003031937117429 0.18400323486328124 0.12601130489748252
2 0.52497509765625 0.9404173276561348 0.811783447265625 0.019060497255844994
12 0.38119800567626955 0.634656026893582 0.5948336791992187 0.016800893072878315
4 0.8740166931152343 0.09013602659874355 0.13119781494140625 0.01582871269933956
12 0.36238510106064303 0.6160488212933753 0.5562670293240276 0.01424824822809276
2 0.5056623672329745 0.9242340222725283 0.4726227557715362 0.015576549412049022
4 0.8213377380371094 0.1130835430611567 0.23387066650390625 0.017989202170730165
12 0.5125558615612169 0.499918185920752 0.8445384404587836 0.028405842619546182
12 0.23269489288330078 0.6479368364336916 0.2917661743164062 0.012384788277222938
