9 0.6791975567034223 0.7546206966861264 0.212389167525324 0.17645652687156596
9 0.9713892098174007 0.6336602682595724 0.052135477541625654 0.15892417823875343
12 0.6397085915713173 0.8596150492573833 0.2255047174889272 0.033399242359203295
12 0.47421527972684446 0.18978524260468535 0.7871048093780757 0.24236641349373284
12 0.6635341093609025 0.7436368837461367 0.27618724592714483 0.027783806769402473
12 0.6174018239098897 0.6283084408267514 0.16145068391414452 0.031078967419299452
12 0.3892115995952776 0.5132255638038719 0.49618153809875326 0.029094888875772665
12 0.4418575959570792 0.4747493869655719 0.6150015286577715 0.032922363281249985
12 0.4385487313658547 0.32221761850210334 0.6175489050196851 0.03245249318552541
12 0.47770074741948304 0.5725443811830693 0.7682147372445719 0.07147580305981978
12 0.22080736001749784 0.4370659722222222 0.14305828958880143 0.03038194444444443
12 0.20733085447652377 0.3975694444444444 0.13891167249927094 0.02951388888888893
12 0.2208074740711937 0.36154515599779813 0.1637916316572693 0.03038194444444441
