8 0.2852463016909647 0.25638248250307916 0.2243717549590634 0.017374718535147788
12 0.5137045826631433 0.32116159858007315 0.6801871266084559 0.05276778474541052
12 0.5147529871323528 0.5804497548231784 0.6742178883272057 0.03414431935835318
12 0.5152948177562041 0.1895919277741311 0.6760985610064338 0.05880849647439367
12 0.4319963702033548 0.4893272271038599 0.5054704733455883 0.018433092992096146
12 0.5131331679400276 0.5242248773058549 0.6745679428998161 0.040174561075546775
12 0.2832300253475413 0.10778386647590779 0.21824001536649817 0.021247219450807302
12 0.5109343113237478 0.3830826472712332 0.6677701478083413 0.057152757357029654
12 0.51846272574109 0.6995462943275654 0.6761546338234266 0.05793371475138556
9 0.9908970731847425 0.5737930370543931 0.018205853630514707 0.112564106739254
8 0.31337624044979323 0.2784711954241555 0.2127858060948989 0.0169891317771492
8 0.41289962745747766 0.444810129647236 0.4683749394209813 0.014515688017675393
12 0.5147910097946036 0.9043730037353807 0.668012943933309 0.021556485829904676
8 0.23960258932674633 0.8825475032735356 0.12332318474264707 0.018764094389481376
12 0.23995995914234833 0.882122424734057 0.12206178552964154 0.018942626847390644
12 0.36802605645136516 0.1299656223249207 0.3914357877751195 0.01700386850283537
8 0.21576133578431375 0.4691840277777778 0.07074142156862749 0.01649305555555557
8 0.2888608047385621 0.5538194444444444 0.221656454248366 0.015625
12 0.5187704248366013 0.6358506944444444 0.6791176470588235 0.05642361111111114
12 0.5217179840686275 0.7916666666666667 0.6779386233660131 0.11458333333333343
7 0.8565607128267975 0.9375 0.024759497549019613 0.019097222222222286
