10 0.5081303275053284 0.718286561903283 0.8655081807568087 0.23496469906219203
9 0.312845780640785 0.6673246927549585 0.19147393423751746 0.13451783509824655
9 0.7350594575622673 0.6842360227086072 0.15721349165648277 0.10979382468585742
1 0.49499940783395885 0.13006734660044608 0.2628125522833741 0.03023456869238153
6 0.16795209888195411 0.06093911961719648 0.1062514946225413 0.030728860220990577
12 0.2992775631128521 0.557644697432449 0.48267039151609054 0.015245635625410642
2 0.5349089837385068 0.941453369782256 0.23157749850878726 0.014916238270983902
12 0.4871616023506198 0.4895992808883311 0.8618954320938872 0.05733615378655712
12 0.18011242317753798 0.5793490315862148 0.23815116669212644 0.013405598102825232
12 0.44578320513662173 0.4337523315241091 0.7730600468984918 0.039865939201101104
2 0.5229484546059422 0.9035610043579568 0.3982024014212067 0.01257901686719775
2 0.7738230898837581 0.9229833374825476 0.18654435084962756 0.011935300488666227
4 0.7565378014997247 0.07021501969727204 0.29974991783388355 0.012421892444344915
4 0.7543317627862401 0.05336917370910243 0.2918848360938955 0.016235802709351387
12 0.3741552261656137 0.38735371381520467 0.6435861568891356 0.034735204197471024
9 0.0877156284268342 0.05994914677703897 0.053599529870173565 0.03941142449397765
10 0.5110884938160131 0.3108041176073262 0.8735910767283513 0.10993227929647587
10 0.5109422424430068 0.20541049761823363 0.873591701855651 0.05466369488639315
12 0.36260544678360845 0.5330855260540714 0.6096751179331064 0.01826479055878367
2 0.35182275501758736 0.921875 0.2730931874612042 0.012152777777777714
2 0.5849360839540657 0.9244791666666665 0.11194360386923236 0.013888888888889
