9 0.4047630925332346 0.9002711652587682 0.18760910034179687 0.13157696883019676
9 0.7316136021767893 0.8790298866552608 0.21238491919732863 0.1506536313533647
12 0.47639321195219236 0.17086932073145988 0.7597701074479947 0.01930325971525436
12 0.5103524977161037 0.6543579318868317 0.8229441981161795 0.051700458200881344
12 0.49261472519422933 0.8136621506171895 0.7991257008802848 0.033853458321991076
12 0.5091580336774597 0.5602068101882614 0.8383867770756539 0.09188070295244183
12 0.38398225774664085 0.48377407609021084 0.5755131397329014 0.021892146232089345
12 0.5096820154497701 0.7394441334951789 0.8334087740990426 0.07330629477407634
12 0.22763826923985633 0.08554567065645495 0.24816796087449597 0.01673471903848553
12 0.5168402702577652 0.44698591925007436 0.8385144633631554 0.04702970156865459
12 0.5089949823194929 0.2374908281639299 0.8352001559349788 0.0705006490344113
12 0.5002811308830014 0.39652508644075707 0.8204534715221772 0.01799390984954261
12 0.5112321515492431 0.34382588974911477 0.8446600144909275 0.07305993481786427
12 0.5120926395539311 0.8425100578978082 0.854537471648185 0.015869856047258546
12 0.27253030600628625 0.8782550355739366 0.3614405282959644 0.03512067917289694
12 0.24980510700627864 0.9054193858376989 0.15003864143191206 0.0200961776224337
8 0.1577740269322549 0.2831623652805995 0.12737333236202117 0.014983565235600228
12 0.20811126462874874 0.10374788317477765 0.22125692059916838 0.014127706849136548
4 0.7736967517483619 0.057846571870906624 0.29353234075730844 0.017696736305569664
8 0.17667251709968812 0.616799847570484 0.16064844439106604 0.014417941460828343
12 0.6966230480375208 0.8804103219342566 0.3861629556355173 0.03610837755292976
12 0.30982618024272307 0.3019228528155742 0.43957957606161796 0.015936771824654264
8 0.17599348868093184 0.6923135105347342 0.16069503291960685 0.014771865309559453
12 0.6489811066658264 0.11473088911457509 0.2911238147366431 0.0757485399456726
12 0.27351860533499756 0.1245298561241451 0.3501962477161038 0.01695031741762012
12 0.17369529149865592 0.14149305555555555 0.1460758988575269 0.015625
5 0.14975848454301077 0.043402777777777776 0.08347194220430106 0.050347222222222224
8 0.17983293430779568 0.4131944444444444 0.16817141297043012 0.010416666666666715
8 0.21481749831989247 0.5026041666666667 0.23814054099462367 0.013888888888888928
8 0.20315597698252688 0.7877604166666665 0.21481749831989247 0.01649305555555557
8 0.13257308467741935 0.18967013888888887 0.08101688508064518 0.016493055555555535
