9 0.2815862921390163 0.3455183982849121 0.2063568357437376 0.14447505950927733
10 0.4898035496841242 0.3742791175842285 0.7763753685791446 0.20935543060302733
9 0.5999629375585593 0.37538339614868166 0.2141988441426918 0.14341312408447265
12 0.35227558600208747 0.5302037048339845 0.463894744819224 0.018762969970703126
12 0.4902272972900821 0.7668305377774668 0.7662618324239415 0.10677056059633011
12 0.3466621277824281 0.6202599334716797 0.40976293923783347 0.017064666748046874
8 0.3135877142120645 0.25335924559270445 0.4134896778833167 0.018317939173476638
12 0.3776686061206529 0.6408686637878418 0.41640602932615467 0.017553138732910156
12 0.18820709820567405 0.90709228515625 0.09775248532572751 0.017923736572265626
12 0.3824450722719663 0.701706771850586 0.553760439197593 0.018467559814453118
12 0.4933141524772458 0.2018099537266825 0.7565278552827381 0.08032331466674805
12 0.19512409970453387 0.5015986633300781 0.17392654015273645 0.018737030029296876
8 0.20635294031213833 0.6800582885742188 0.19529847913738702 0.017020263671875
8 0.17153013656589303 0.1487252616882324 0.12003164947348295 0.01882659912109375
12 0.20608178059680543 0.6796812438964843 0.20066303340636027 0.017376708984375
12 0.3399867251916724 0.8318936409219221 0.4773182378124771 0.0178880814043923
8 0.19492445715310502 0.5018539428710938 0.17044522186225475 0.01875457763671875
1 0.4960317460317461 0.12239583333333334 0.10533019792279057 0.02951388888888889
12 0.30864197530864196 0.8502604166666665 0.34538506760728976 0.014756944444444428
12 0.37600431118949634 0.8693576388888888 0.47031158142269247 0.01822916666666657
12 0.1855526161081717 0.8880208333333335 0.09675680971977269 0.017361111111111
