10 0.49978216807047526 0.7393775729958071 0.8173194376627603 0.20071047161697247
6 0.2794578361511231 0.09440489427759012 0.16384438832600912 0.037041375396448535
12 0.6243972269694011 0.21806989897281748 0.10856516520182291 0.014362475193968606
9 0.37939665476481127 0.6509695665551982 0.20216890970865886 0.13952633219027738
5 0.15664154052734375 0.09299876711784152 0.07525449117024739 0.05008340538094897
4 0.7824069722493491 0.07874311000928966 0.3317267862955729 0.016215565007760984
4 0.7408272043863932 0.05504603123446124 0.23793441772460938 0.01823357485849923
10 0.5075538825988769 0.3099372933763977 0.8389014180501302 0.11158493461958859
12 0.8750655110677082 0.20105519425978355 0.08037740071614584 0.016173161497903526
4 0.8071035512288411 0.14513827682635105 0.22073125203450522 0.015360351002544438
1 0.5064449183146159 0.16995782589693684 0.2111968739827474 0.02838626476602817
12 0.4997199185689291 0.4300044873438844 0.8206352742513022 0.032657833274351344
12 0.17737367630004883 0.21490850361115343 0.15805243174235026 0.013686801315447606
12 0.2588606071472168 0.19708406815835097 0.3167071533203125 0.015228323980208928
12 0.6469611828893304 0.4583060133373118 0.5129961853484553 0.01318133293448301
4 0.7117934163411458 0.11976460798071066 0.18708791097005212 0.014985128280219681
8 0.23850350383504487 0.4556917488028138 0.2786605136311901 0.013694308219699653
12 0.8438779703776043 0.178137901726119 0.125269775390625 0.015941287399431982
11 0.2563963762919108 0.23351310589991578 0.3535762786865234 0.015433215220040137
12 0.4725798050983637 0.4943718691484639 0.22094288817566712 0.014227665892434762
10 0.5038104502360026 0.37611462654323746 0.8287051900227864 0.038184769656680044
2 0.478891003926595 0.9283517260070241 0.2603046417236328 0.012505347575616398
8 0.2292848132580794 0.4920148237035905 0.2624069957991992 0.01322755026161123
12 0.4250759324151761 0.5386733588702096 0.643580612993538 0.06996970917475848
8 0.2627476437886556 0.6030630409170729 0.33534619649251307 0.014251149028813073
4 0.2653059991200765 0.036685972038759 0.44053716023763023 0.016142665793042663
12 0.5939641825358073 0.19935256188068917 0.04950663248697917 0.01448986508430691
12 0.2182523148148148 0.47395833333333326 0.1740972222222222 0.015625
12 0.5033680555555555 0.5846354166666667 0.49706018518518513 0.018229166666666644
8 0.170943287037037 0.5850694444444444 0.14760416666666668 0.017361111111111143
4 0.6862962962962962 0.09722222222222224 0.13372685185185185 0.015625
2 0.4888599537037035 0.9448785021628138 0.8010995370370368 0.018229106785484415
9 0.6875578703703704 0.7000868055555556 0.2018518518518519 0.14670138888888887
