9 0.6086267329197304 0.49945857456752235 0.19256098728553922 0.11606657482328869
9 0.9497274720435049 0.3130209495907738 0.05508951822916667 0.10315528506324405
1 0.502799383425245 0.08018539792015439 0.1559285960477941 0.019155789329892113
8 0.22327007218903186 0.2923068382626488 0.1110867130055147 0.016637427920386905
12 0.5000007659313723 0.661949037128212 0.6786898743872546 0.019542489248983566
12 0.5055145862055759 0.7081250196336747 0.6792177925857843 0.01842486720633703
7 0.49871112898284314 0.7665906924293155 0.04015720741421568 0.01206205822172619
12 0.3384433521943934 0.1785397484188988 0.3232444852941177 0.01643002464657738
12 0.5281634162454043 0.4331347641299723 0.5870750517003676 0.01593168413792083
8 0.23121245141122856 0.728765142531622 0.12111743403416055 0.01517235165550595
8 0.22078289555568323 0.6364321754092263 0.10838801365272671 0.01483549572172619
12 0.5030671191806801 0.2482631762971971 0.7250870870828813 0.05994420508695388
12 0.4989445294709678 0.6017587558021468 0.7308403276007721 0.037466076223413664
8 0.22161854463465072 0.6827175467354911 0.1057208610983456 0.014795677548363093
12 0.46786434653108805 0.5235921650641772 0.6016841479941476 0.02034176595425026
12 0.47827403606218133 0.3639974584967153 0.5136090634837868 0.015601118165305542
12 0.3252218568091299 0.1555682591029576 0.29457648782169116 0.01513304210844494
12 0.4224420166015625 0.40877806163969493 0.38420508291207106 0.014440540132068452
12 0.5008171175586936 0.5696424838408373 0.6713812606316929 0.019043849750126966
12 0.2910863232021328 0.4752207594809497 0.23255074295343137 0.014935273670014883
12 0.41908362295113355 0.31589098249162945 0.5061149088541667 0.015453026181175595
12 0.46356503781981107 0.1208156367710658 0.5683881726753279 0.03885163080124626
12 0.394565704944087 0.20209160940987725 0.4337778128829657 0.01618618919735863
12 0.37206009210324753 0.4544036138625372 0.26401668772977943 0.013875877743675595
12 0.32613945456112137 0.384495602562314 0.2976510799632353 0.015015607561383931
12 0.33212468165977327 0.33959514799572177 0.3236386766620711 0.015880853562127976
2 0.5061274509803921 0.04166666666666666 0.2830882352941177 0.019097222222222224
12 0.3209763071895425 0.4735243055555556 0.012867647058823515 0.009548611111111072
8 0.22375408496732027 0.49739583333333326 0.10723039215686274 0.01562500000000007
8 0.22804330065359474 0.5460069444444444 0.11866830065359477 0.013888888888888857
