9 0.8294586985742433 0.31488290465562163 0.22147881521035917 0.15642384684321348
9 0.25985276474707397 0.3537548276913805 0.21209969514585947 0.15846701735947788
12 0.3919025646099631 0.26293626643528045 0.6095277793434363 0.023928250216809735
12 0.34429945999585854 0.15716943175637932 0.5039902977841711 0.023487022880776694
12 0.5446267696366256 0.3477636644106818 0.15071410367001253 0.02319218230942792
12 0.6534213421485355 0.439556319199972 0.19996124229287562 0.021710572552254823
12 0.28144288870740863 0.4595093749540657 0.3619574686813833 0.05024146495399224
12 0.4919888485629705 0.2213268764492261 0.8355581171090809 0.04652958867242621
12 0.3156277645785955 0.10322415054909823 0.4508783395496785 0.021395965891969956
12 0.4927648977473509 0.061745556591819836 0.851114423840378 0.04660900112378182
12 0.21892216394058286 0.41112797504758797 0.2140863626784034 0.024156744482375942
12 0.6141692357791233 0.3950728643648987 0.29336059431350187 0.05681745582146205
12 0.33059123767962867 0.1301991273408102 0.4747922124348141 0.021361070204095133
12 0.21491912497181814 0.3795234773479759 0.2146088374005058 0.022026255796904398
12 0.22198527490479436 0.34965740501712433 0.2273783570101749 0.022762897882614062
12 0.3647923678944969 0.5628819147147666 0.12114356602150643 0.04016509464296213
12 0.3338314424943146 0.5107524940009849 0.08058976349298148 0.03690778098909337
