9 0.3164504814147949 0.7152887746828412 0.19574398040771485 0.1441138031285837
9 0.9493811798095703 0.5400098188207784 0.09063003540039062 0.14656145288309919
9 0.7200225195167331 0.7234967712962294 0.1759563952927069 0.1530434144746272
9 0.9579748916625976 0.7357615059668865 0.07151145935058593 0.15280033776519494
12 0.49062771797180177 0.4437458283310636 0.7529263305664062 0.07306652944022363
12 0.48879441261291506 0.2624916286643492 0.7520341491699218 0.06925950356579702
12 0.49041948318481443 0.3436419985709934 0.7500523376464844 0.07185100590417144
12 0.3177624607086182 0.5504604794563503 0.40420093536376955 0.018338600648652524
12 0.4889782946024529 0.13162341336317207 0.754102622526049 0.07201143316717705
12 0.4923143949952595 0.5890724042102035 0.7461802500790621 0.04608645657120946
12 0.4948984146118164 0.511972773840668 0.7416425323486329 0.04089775435421445
12 0.12818500995635987 0.7580169397756594 0.09706684112548829 0.017093091492259176
12 0.5353031349182129 0.7854615097745843 0.08344783782958984 0.018381493244696102
12 0.5343421936035156 0.7230533704845183 0.07982383728027344 0.017130496523795873
12 0.38070647239685057 0.39473664170011474 0.531669807434082 0.01915960749354931
12 0.4870565891265863 0.19843587961234474 0.7514003753662102 0.04878581339034779
12 0.5257623672485352 0.6926923279368549 0.08074783325195313 0.016385699630877295
12 0.24068467881944447 0.6948784722222223 0.32524956597222227 0.013020833333333285
12 0.25960828993055557 0.7248263888888888 0.3560004340277778 0.012152777777777856
12 0.16794704861111107 0.7890625 0.17504340277777775 0.020833333333333145
12 0.21821289062499996 0.8181423611111112 0.28503689236111107 0.01822916666666657
12 0.16203342013888886 0.8524305555555556 0.16085069444444444 0.017361111111111143
12 0.5357747395833333 0.7543402777777777 0.0733289930555555 0.013888888888888715
12 0.537548828125 0.8159722222222221 0.08397352430555557 0.015625
12 0.5393229166666667 0.8459201388888888 0.07805989583333343 0.0234375
