10 0.48925800938760033 0.3443984001048345 0.7859096732190853 0.13607282025971806
9 0.9272912466397849 0.7963736534118653 0.09615701654905914 0.14822998046875
9 0.9192443191364248 0.2899070501327515 0.11470330351142471 0.15207324028015137
12 0.6834918278519825 0.23591165542602538 0.2389553931451613 0.01649341583251953
12 0.35879838184643814 0.4511701583862305 0.39573567708333335 0.017115402221679687
12 0.3550162694787467 0.09270671606063843 0.37384236653645836 0.01646726131439209
12 0.3131801154023858 0.20770175457000734 0.32811187415994625 0.016591930389404298
5 0.1715400613764281 0.07643185257911682 0.04138301726310484 0.03765374422073364
12 0.6449010705435149 0.20784854888916016 0.1631994760164651 0.015854835510253906
12 0.3864360194052419 0.47868690490722654 0.4208834740423387 0.016160011291503906
12 0.2913938788957493 0.6708234310150146 0.28283592962449594 0.018132877349853516
12 0.3185204618720598 0.18711638450622559 0.3377952001428091 0.01713876724243164
12 0.6502472908266129 0.1866077184677124 0.16263440860215053 0.01656813621520996
12 0.2362474338982695 0.6980224609375 0.1761357133106519 0.017896270751953124
12 0.17654387771442373 0.8193844795227051 0.05488169680359543 0.016550827026367187
12 0.23643631473664314 0.8453620910644531 0.1633435321110551 0.017164230346679688
12 0.25082997968119963 0.6163814544677735 0.20418628979754705 0.018604087829589843
12 0.3913475118657594 0.5332897186279296 0.4450528708837366 0.017226409912109376
12 0.292387439358619 0.5602235794067383 0.2846882481728831 0.017063331604003907
12 0.48776980164230493 0.7595757580731148 0.6784419890372981 0.0316747857995509
12 0.39174798124579974 0.26604466438293456 0.4975474367859543 0.014876937866210938
12 0.2591063468686996 0.5058745384216309 0.21796658423639112 0.01716012954711914
12 0.2953243460706485 0.7264091014862061 0.28513150779149865 0.01655263900756836
12 0.412897220734627 0.4018424992201384 0.6119591497605845 0.019583512234221764
8 0.2570681992397514 0.5057360649108886 0.21948294690860215 0.017404460906982423
12 0.31667621571530574 0.7906214714050293 0.3233006631174395 0.01563549041748047
12 0.2532855436081243 0.5859375 0.1624850657108721 0.017361111111111143
12 0.4915291734921034 0.8873363582351332 0.6762390793010753 0.044044512124563374
1 0.48685782556750296 0.1189236111111111 0.16129032258064513 0.02430555555555557
