9 0.7423107632723722 0.8059527993687458 0.18843977494673292 0.13711055098265773
9 0.2508018077503551 0.785960473069666 0.18313881613991476 0.12875850682666215
10 0.4764623589949174 0.7989200918127757 0.9186422452059659 0.18830852948503224
10 0.47538092699917833 0.39526940296319707 0.9251150790127832 0.6041948507091387
12 0.5310413152521306 0.660507429891558 0.737326993075284 0.028283790785066144
12 0.847453446821733 0.057289348690286575 0.12995638760653408 0.023911573184879048
1 0.133368332602761 0.037361574625871884 0.1860981750488281 0.0361171499844969
1 0.4757465277777777 0.0720486111111111 0.46295138888888887 0.020833333333333322
12 0.41700520833333327 0.9401041666666665 0.8130729166666666 0.095486111111111
7 0.9026388888888889 0.9826388888888888 0.06746527777777772 0.015625
