10 0.4973641077677409 0.4173418045043945 0.7882698059082032 0.3349163055419922
9 0.7506175994873047 0.8877384185791015 0.19806442260742188 0.15477951049804686
4 0.7877587127685547 0.1334841728210449 0.21232681274414061 0.017216758728027345
1 0.4994563547770183 0.16362337589263917 0.20420557657877605 0.03161410331726074
12 0.5051631037394206 0.6234601020812989 0.7807776896158855 0.039256858825683597
4 0.7238695017496746 0.039786911010742186 0.2209276835123698 0.021122837066650392
4 0.7715619659423828 0.06323438167572021 0.31914779663085935 0.0196621036529541
12 0.47571387368574913 0.7737787054113866 0.7284551842117317 0.05958820305910258
12 0.25981819788614907 0.19090018272399903 0.3158171844482422 0.02078634262084961
6 0.2871026102701823 0.08412686347961426 0.15760421752929688 0.040616054534912106
4 0.687075424194336 0.10787045001983643 0.14429601033528647 0.01563601493835449
4 0.2986035029093424 0.026489195823669435 0.34806897481282545 0.01964547634124756
12 0.347184731586471 0.7325213241577159 0.4751628040796636 0.01839317321777345
8 0.2747842280069987 0.22894908905029296 0.31898106892903644 0.020141410827636718
12 0.7012103493352357 0.19205923080444298 0.3422432898163056 0.018965530395507767
12 0.4229933694760421 0.8135008698251904 0.6271008085728522 0.016031433253898567
12 0.825411376953125 0.16730306625366212 0.10247294108072919 0.015904579162597656
1 0.28636284510294596 0.08423775434494019 0.15390089670817056 0.03955318927764893
2 0.499971142388914 0.989994621276854 0.7094296911905886 0.019276199340820286
4 0.6851432291666667 0.10763882160186768 0.14518880208333335 0.01560185432434082
12 0.5059017776521876 0.8648001049672572 0.7933178008576478 0.041567356220941515
12 0.27170557657877603 0.22902412414550782 0.31522369384765625 0.01904033660888672
12 0.18889058430989586 0.20902169227600098 0.16626815795898436 0.017732563018798827
12 0.5763888888888888 0.21354166666666663 0.10416666666666664 0.01736111111111111
4 0.6788194444444444 0.08723958333333331 0.1261574074074074 0.016493055555555552
12 0.509837962962963 0.6666666666666667 0.7881944444444444 0.034722222222222286
12 0.4942129629629632 0.7022570128800817 0.7731481481481487 0.03125013687127367
12 0.2569444444444444 0.8342013888888888 0.3101851851851852 0.013888888888889
2 0.4924768518518519 0.9717881944444443 0.15162037037037038 0.01649305555555557
