12 0.4774665451049805 0.7661006697635169 0.8581387939453125 0.05540591617399342
12 0.47585143280029285 0.28275030898636744 0.8577675781249998 0.09442497231975787
12 0.28400151062011714 0.8926606049408784 0.37393142700195314 0.021452702702702702
12 0.47837613677978497 0.8383343096627097 0.8538043823242184 0.05745557693732895
12 0.47860216522216775 0.391767633116034 0.8568572998046872 0.09322212288852912
12 0.47786901092529277 0.17560289710299012 0.8568792114257809 0.09158989091865971
12 0.47935555267333974 0.6236076720069745 0.8663900756835936 0.056618552153730836
12 0.4781852912902832 0.6947483650100418 0.85834423828125 0.05845903338790397
8 0.4750890960693359 0.10194426871634818 0.23348159790039064 0.023737912564664274
12 0.49148460388183607 0.5518436519808554 0.8839298706054689 0.05798173937659788
12 0.48177083333333326 0.47916666666666674 0.8581944444444443 0.0555555555555555
