9 0.6977576637268066 0.8119372332537617 0.2268337631225586 0.16237657335069444
10 0.4858425521850586 0.44594954031485096 0.776920166015625 0.22020396479853876
12 0.17078055381774904 0.2908094335485388 0.11814378738403321 0.017438422309027778
8 0.21312180519104004 0.3166815722430194 0.21261919021606446 0.01623735781069155
12 0.7018042182922364 0.24136387860333477 0.1349251937866211 0.017437489827473958
12 0.22735972941691687 0.6221831598769213 0.25448204040527345 0.01569682933666088
12 0.2519448375701904 0.22827553219265406 0.2910209846496582 0.018693528351960358
12 0.3018187596816563 0.6441714251482931 0.4159587521515807 0.01653996220341436
12 0.1902429676055908 0.26816650673195164 0.16179759979248046 0.01621870817961516
12 0.24194729804992676 0.7522043016221788 0.10868631362915039 0.01965179443359375
12 0.09887126684188843 0.8132594920970775 0.060619797706604 0.02170523184317129
12 0.721550136635202 0.28592636673538774 0.17700028214951924 0.015510898166232627
12 0.7035631942749023 0.26408051384819875 0.13998634338378907 0.0140772784197772
12 0.15347705364227296 0.5960362469708478 0.09444951057434083 0.01607287371600116
12 0.21601473808288574 0.31897215666594325 0.21342815399169923 0.01903228759765625
12 0.6590353584289552 0.7599410163031685 0.29061504364013674 0.02126007080078125
4 0.6068483924865723 0.1450145438865379 0.17521846771240235 0.018162254050925926
1 0.47812501074423414 0.203125 0.32812502148846845 0.03993055555555557
4 0.59765625 0.11328125 0.16640625000000006 0.030381944444444448
4 0.7927733784067121 0.14930547856546403 0.06914062500000014 0.01736111111111111
12 0.1458984375 0.5755208333333333 0.094921875 0.019097222222222213
12 0.1353515625 0.6644965277777777 0.087890625 0.01649305555555557
12 0.3427734375 0.6931423611111112 0.512109375 0.030381944444444572
12 0.45234377148846827 0.7235242970011009 0.72421875 0.019965277777777856
12 0.1435546875 0.24696180555555558 0.064453125 0.018229166666666678
