10 0.5230800342559814 0.4368891766551525 0.9538399314880369 0.16521394547641055
9 0.9531784439086914 0.15592972044388734 0.09257453918457031 0.15097559467221316
9 0.9599789428710938 0.7121639993081245 0.07311965942382813 0.14403040586006516
12 0.39300142288208006 0.33771704953466625 0.5815722274780274 0.02051867697348443
12 0.4769622421264648 0.935083557775922 0.6249295806884766 0.018174781394931536
12 0.546610749322827 0.6645848574149733 0.8702701509820315 0.038853190391729193
12 0.553483190536499 0.8181865409069263 0.8626725769042969 0.07601966453525287
12 0.24248120307922363 0.058274924544479315 0.29613777160644533 0.019443218783860492
12 0.33680785179138184 0.09709626457295233 0.47381019592285156 0.041986917017205444
12 0.45914669036865235 0.7621839543534672 0.6598977661132812 0.0179856371121356
12 0.25506686210632323 0.24166041128205748 0.29927352905273436 0.02170600486728412
12 0.2973096466064453 0.1355780813803521 0.39189743041992187 0.02148150386742905
12 0.5409313678741455 0.2774027497524086 0.9002682495117188 0.0416641774531388
8 0.18972758293151856 0.8923591371138611 0.13739381790161131 0.020125911429577075
12 0.3537067604064941 0.1869557586238578 0.5206389236450195 0.021307564455713066
12 0.5507541084289551 0.7206320071810126 0.8523702239990234 0.04755824867491166
12 0.6423899841308593 0.23876041911094853 0.32520294189453125 0.020169369323514798
12 0.19128488540649413 0.892028619880811 0.1330144500732422 0.019266890131542622
12 0.5426596927642825 0.6030570447707785 0.8683858489990238 0.07237926853200531
12 0.4782514762878418 0.02424932452899407 0.24964115142822266 0.027318263643621978
12 0.6645095486111111 0.11024305555555554 0.1891579861111113 0.024305555555555552
12 0.6903038194444445 0.13411458333333331 0.1817881944444445 0.013020833333333339
12 0.19898437500000005 0.21397569444444442 0.21126736111111113 0.02170138888888889
