9 0.6906529235839843 0.764820459102603 0.20566935221354166 0.13814945544226695
10 0.5019521331787109 0.7777592102494136 0.8804761759440105 0.24594559565583385
10 0.49733821868896494 0.34338172931070765 0.8803304036458335 0.2971108461984999
5 0.10287946383158367 0.0966235546453813 0.08088393529256185 0.05926684086317011
6 0.23164642969767255 0.0980175470901748 0.17419925689697266 0.04675095306470377
4 0.8260630544026693 0.0710431807843594 0.22082270304361976 0.0184907058826659
1 0.49712023417154955 0.17182854936428854 0.16657496134440103 0.03180583741416654
12 0.49966722488403315 0.5162779373788601 0.8737416585286456 0.04425834723172464
4 0.8269027201334636 0.09317801708747918 0.21967987060546876 0.017425296958941815
12 0.49000097427884826 0.5560965549570601 0.8511337503965667 0.03179473507490919
9 0.3493764623006184 0.7323536722769749 0.20142987569173176 0.14232629956113801
12 0.5013849194844562 0.5832752946069603 0.876024983723958 0.017632674680222254
4 0.815482889811198 0.1161447483459916 0.2370684814453125 0.018606467628017175
12 0.5000229962666831 0.6280212703345248 0.8755641682942711 0.015687199612964553
4 0.1824522082010905 0.05072521874748766 0.21930473327636718 0.018944955045316757
2 0.5072471268628164 0.9146413733826414 0.5005606871562422 0.014992924059851689
12 0.46068142361111114 0.5967881944444444 0.7970804398148148 0.013020833333333356
12 0.34237413194444444 0.6106770833333333 0.5652459490740741 0.011284722222222215
12 0.20912905092592596 0.6436631944444444 0.2939756944444445 0.014756944444444357
2 0.507884837962963 0.9301215277777777 0.6620428240740742 0.01649305555555557
2 0.507884837962963 0.9479166666666665 0.3680671296296297 0.015625
