9 0.31138609313964843 0.67516865841178 0.19262649536132812 0.142576395079147
9 0.6854422302246094 0.5751566554224768 0.23163885498046874 0.16669805659804232
9 0.9375666503906249 0.786936316379281 0.077213623046875 0.16414123357728466
9 0.8952257995605468 0.4145084647245185 0.04239581298828125 0.10136511159497638
12 0.4140457611083984 0.3008454123208689 0.48799432373046875 0.04902857403422511
12 0.19236705017089842 0.5250942762507949 0.09113348388671876 0.019460456315861192
12 0.2688020858764648 0.7598986071209575 0.21380433654785155 0.020134681879087936
12 0.5968830718994141 0.7590197186137354 0.23260079956054688 0.02041572748228561
12 0.5354860687255859 0.7295197553412858 0.08172622680664063 0.01944781458655069
12 0.45059048461914025 0.40589321162317077 0.6080062255859369 0.08486251601941869
12 0.28056858825683595 0.5671700544135515 0.26877249145507814 0.04879703078159066
8 0.24478934478759767 0.10819169532421023 0.12176670837402344 0.0212080201437307
12 0.6023392486572265 0.6408446777698606 0.22231881713867188 0.02029325795728107
12 0.21905600738525394 0.6440465173055959 0.13840855407714844 0.019161224365234375
12 0.2758451385498047 0.13805328967959382 0.19093887329101564 0.021323481271433277
12 0.6356251678466797 0.6698195878849472 0.27712088012695313 0.018899340962254724
12 0.27225733947753905 0.7319569920384607 0.2389721984863281 0.020208536192428236
8 0.21568462371826172 0.3456353919450626 0.13732710266113282 0.018541158631790514
12 0.29028959655761716 0.6432497335034748 0.282041015625 0.020605752634447673
8 0.2484444444444444 0.1697048611111111 0.13138888888888886 0.021701388888888874
12 0.3213055555555555 0.19661458333333331 0.2890555555555555 0.018229166666666644
8 0.24725000000000003 0.22786458333333337 0.21261111111111114 0.01996527777777775
12 0.3105555555555555 0.2586805555555556 0.2603888888888889 0.019097222222222213
8 0.2293333333333333 0.46657986111111116 0.16005555555555553 0.016493055555555643
12 0.2359027777777778 0.49739583333333337 0.1755833333333333 0.02430555555555557
12 0.19230555555555554 0.6119791666666667 0.09316666666666666 0.020833333333333356
12 0.2478472222222222 0.6753472222222223 0.20663888888888884 0.020833333333333287
12 0.3087638888888889 0.7013888888888888 0.3165277777777778 0.022569444444444572
12 0.6569444444444444 0.6987847222222223 0.3248888888888889 0.02256944444444443
12 0.6115555555555555 0.6111111111111112 0.25083333333333324 0.01736111111111107
12 0.5978194444444445 0.5789930555555556 0.21141666666666667 0.020833333333333356
12 0.6246944444444443 0.5503472222222222 0.2699444444444444 0.02256944444444443
12 0.5745277777777777 0.5208333333333334 0.09555555555555557 0.02256944444444443
