9 0.3285613116096048 0.2140632322104063 0.19515499339384193 0.13909727074254277
9 0.7560453168083638 0.25308302213950506 0.18865887810202206 0.13469447899608192
9 0.5440563246783089 0.5380628345434982 0.19050278607536764 0.13992186654125163
12 0.691878859576057 0.28781562762221197 0.4086291144875919 0.1078738364991609
12 0.24727877448586855 0.3678823200951101 0.22217629825367646 0.0253401632792199
12 0.43765838623046877 0.5158834676300618 0.5199803610409007 0.02312473777880035
12 0.5867856014476104 0.5153032503586509 0.23412497127757356 0.02067296956203984
12 0.5069123212028953 0.46220689379533886 0.6781224867876838 0.039272594162786924
12 0.3020592992446002 0.1734829750242766 0.3208099365234375 0.04920550412871508
12 0.2795978052475873 0.23999997515242666 0.2742637903550092 0.022427763346213186
12 0.24449608297909006 0.10652336427895938 0.12238457174862133 0.018751815987541956
12 0.694357748592601 0.18929133822051622 0.4204924819048713 0.024235530042090732
12 0.6897288602941177 0.15928819444444445 0.43388071895424846 0.02170138888888889
12 0.6024811070261439 0.36545138888888884 0.2310886437908497 0.03472222222222222
12 0.2853237336601307 0.5646701388888888 0.22873059640522875 0.028645833333333356
12 0.278249591503268 0.5928819444444444 0.18864379084967323 0.026041666666666644
7 0.8553816891339869 0.9366319444444444 0.015327308006535817 0.017361111111111143
