12 0.4960504780644957 0.2747028792995873 0.6994920813519023 0.06672114669095845
12 0.49217220803965694 0.8904882212922103 0.6869792108950408 0.03982696181887951
12 0.49267063970151154 0.8226779569340339 0.6911153378693953 0.05389367828192021
8 0.26289715144945225 0.33702200994250053 0.16306021317191746 0.016925006670304107
12 0.4968894460926886 0.46796655046776336 0.6903013809867528 0.08330822384899533
1 0.480430503513502 0.11427379148516943 0.4040618233058764 0.01670685165768299
12 0.4933238319728686 0.17218796912286252 0.6948093580163044 0.052782165574185774
12 0.4944644098696503 0.75452644230462 0.6907373842985735 0.06921312554961873
12 0.2645605418993079 0.3371064661103583 0.1594441787056301 0.014658649061061013
8 0.2619038208671238 0.7078375885876342 0.16658827740213145 0.015338888922198772
8 0.2743778394616168 0.22516508534241894 0.17740883205247962 0.016005216702441483
12 0.4886987658514494 0.5403645833333333 0.684792987620773 0.049479166666666644
12 0.49791949728260865 0.38237847222222227 0.6958578653381642 0.06857638888888892
12 0.4917723429951691 0.6263020833333333 0.6884812801932366 0.10503472222222221
