10 0.5037721252441406 0.7150966440372393 0.902545166015625 0.23920290473231748
9 0.2813184801737468 0.6520263990180899 0.21115662892659506 0.1640263722803944
1 0.47985980987548826 0.11797751534871048 0.17508811950683595 0.037463450525077414
10 0.4985949834187825 0.3086208258955855 0.9084361775716145 0.17514515544786913
6 0.1537204074859619 0.08415844605208375 0.1045705731709798 0.02921947195756855
10 0.49863859812418615 0.17814103068086903 0.9093923950195313 0.07084128567572523
5 0.07621382395426432 0.08344057423816667 0.0497085189819336 0.033636190123477225
12 0.49324534416198745 0.4077793100009768 0.8935557047526045 0.012944087173156659
2 0.5063378143310547 0.9391858674090409 0.31177892049153644 0.016189435936481422
4 0.8271316528320314 0.07004964646957378 0.24333821614583337 0.018275388993682265
4 0.8091954549153645 0.09059520557309067 0.28057535807291667 0.019848630823088128
12 0.28111725516020036 0.4781103022250853 0.4769251245876388 0.016027259080630712
12 0.4856652069091797 0.573570559823684 0.8793228149414063 0.036168860643130706
2 0.4793731378993115 0.9037403569227723 0.5116225575369047 0.01603091959847623
12 0.15590784143518518 0.4249131944444444 0.21416521990740742 0.013020833333333285
12 0.49158130787037035 0.45182291666666674 0.8899508101851852 0.03559027777777778
12 0.47992983217592594 0.5073784722222222 0.8688671875 0.03211805555555557
12 0.30793185763888886 0.5325520833333333 0.5248712384259259 0.013020833333333356
2 0.49990379050925915 0.921875 0.7334881365740739 0.017361111111111143
