9 0.3606505760779747 0.8010397033691405 0.18863200093363666 0.14381182861328126
9 0.7275678404084929 0.8244823303222657 0.18199539184570312 0.13762359619140624
12 0.5166608475066803 0.1594095230102539 0.7787625658643116 0.06732774353027343
9 0.9329912374307822 0.3756009216308594 0.06328146798270089 0.115895751953125
12 0.5153526369031969 0.29639273071289063 0.7774664910285027 0.06393988037109374
12 0.5192375707102346 0.4820951385498046 0.7949229649135044 0.05950070190429688
12 0.5226815821050288 0.6617116088867188 0.788863297347184 0.03669384765625
12 0.5199190181690259 0.43323278808593757 0.7800775884271978 0.0481845703125
12 0.5161227551135387 0.08853979110717773 0.7766752138242616 0.060863685607910153
12 0.5196272776677059 0.7103990173339844 0.7629682939131182 0.04667633056640625
9 0.9143059699089973 0.5861434936523439 0.06606049590058378 0.1374248046875
12 0.5293746466165061 0.5515400695800782 0.8017639327835251 0.07003973388671875
12 0.5196025030953543 0.374703598022461 0.787995139321128 0.05193930053710937
12 0.5152522810212858 0.22523558044433592 0.7778568477421017 0.04760354614257813
12 0.3052378853598794 0.932875732421875 0.30407408829573745 0.037989013671875
12 0.5108185716937657 0.6146275603951188 0.7676394116747509 0.04689447021484375
12 0.5979805784493284 0.9288194444444443 0.14427846459096458 0.02430555555555557
