9 0.359353470039633 0.7004972787676862 0.21430039704260476 0.13303303166081773
10 0.4842084107379091 0.7915921406737411 0.8228071316226965 0.23358633003982843
9 0.6907998882182284 0.7594158424200647 0.2287901558696975 0.147811916847705
5 0.20572639539609866 0.09176282831691804 0.07900513926202299 0.05003361013483874
10 0.531093804328929 0.3063360748019023 0.8260440322387865 0.10339861375125334
6 0.3330505010315706 0.09322941961985434 0.17412389932985267 0.038325359052090294
12 0.809509022676895 0.17976188319677125 0.13211912704276774 0.01565593916677111
4 0.7779935112583122 0.05606990277023451 0.2565759650855137 0.01989669935801025
1 0.5366776085695737 0.17144559156448444 0.2241792002374174 0.029464313690675134
12 0.31684395865704323 0.23355075339795012 0.3570874125304242 0.01583138804172237
12 0.503877701881375 0.431944702794692 0.7470169469888917 0.0529108536398416
12 0.49389106743867706 0.6386256264853902 0.7394087450560672 0.03943939666584901
12 0.22459952788160642 0.210363921847148 0.18332061979800504 0.01813794032350156
12 0.5043092205263053 0.4746639433861695 0.7533468318085015 0.036418132815981503
4 0.823402479062989 0.08074814495555857 0.3531950418740221 0.015679493732418393
12 0.7851665427853899 0.14657411898308684 0.24261207209177243 0.0161148044089795
12 0.5106200029783017 0.3864761094304551 0.7542096431132649 0.0362072840943906
12 0.3151050615376988 0.1957811433788714 0.33290639142499345 0.019126116910720255
12 0.4819601972813123 0.5996922522244662 0.7096975537713307 0.03721318078088038
4 0.7268726417849227 0.12115357818875508 0.15939114587860745 0.014853050789518575
4 0.7829283606856855 0.14679351507448682 0.24054095144895254 0.016931476015033142
12 0.7003288711172925 0.20225694444444442 0.39012517385257295 0.01909722222222225
12 0.5608049374130737 0.22135416666666663 0.10836810384793694 0.015625
4 0.7233570931849792 0.10069444444444443 0.1490061427909133 0.013888888888888893
4 0.27769326611033845 0.04166666666666666 0.4768196569309226 0.024305555555555552
12 0.3921570757997218 0.505642361111111 0.5215214997681965 0.02170138888888893
12 0.5045889835419562 0.5460069914939446 0.7572221256374593 0.06423620521011193
2 0.45311413421418634 0.9240451388888888 0.17745277005099666 0.01649305555555557
2 0.4659828465461288 0.9353298611111108 0.7667043347241538 0.03211805555555557
