1 0.5120255543028938 0.13975694444444442 0.9037955655768509 0.0694444444444444
12 0.3776775648252537 0.2625868055555556 0.6877113866967306 0.04253472222222222
12 0.5131529500187899 0.32638888888888884 0.9736940999624202 0.06597222222222221
8 0.1925967681322811 0.37934027777777773 0.2085682074408118 0.01736111111111107
12 0.5140924464487033 0.45876733117052 0.9718151071025928 0.12934033765896025
8 0.1991732431416761 0.5434027777777778 0.2217211574596017 0.015625
9 0.34291619691845177 0.5759548611111112 0.27245396467493427 0.1258680555555555
9 0.8521232619316045 0.5577257201078083 0.2837279218338969 0.12413199577117236
12 0.5140924464487033 0.5824652392827321 0.9718151071025928 0.05381952143453584
8 0.3278842540398347 0.6258680555555556 0.4866591506952274 0.015625
12 0.34197670048853823 0.6549479166666667 0.5110860578729802 0.013020833333333428
12 0.4443818113491169 0.6831597222222223 0.7008643367155206 0.019097222222222286
12 0.17004885381435553 0.7122395833333335 0.15219842164599776 0.021701388888889
12 0.374859075535513 0.7430555555555556 0.5317549793310786 0.013888888888888857
12 0.4782036828260053 0.7717013888888888 0.764750093949643 0.02083333333333343
12 0.3072153325817362 0.8016493055555555 0.4265313791807591 0.019965277777777856
12 0.446260804208944 0.8294270833333333 0.7346862081924088 0.019965277777777714
