9 0.36356871604919433 0.6311229259044201 0.19132669448852538 0.14175211588541667
10 0.492645206451416 0.31041663917335305 0.8211955261230469 0.15841102943764077
6 0.26217170715332033 0.0720845162331521 0.15639556884765626 0.0380271086821685
1 0.48112993240356444 0.1456762021726316 0.20479366302490234 0.03028860006246481
10 0.4835932636260986 0.7268252261050114 0.7912837219238281 0.24401261613175676
5 0.14491949558258058 0.07034094011461413 0.06873206138610839 0.05049221623051274
4 0.7756808090209961 0.11843065828890413 0.21238548278808594 0.016165394825978324
4 0.70500732421875 0.028926838196075718 0.22868560791015624 0.01943609735987208
4 0.751112232208252 0.05215425920916033 0.3196697616577148 0.017114958891997465
12 0.35364232063293455 0.4684712452931447 0.40389141082763674 0.013357626425253379
4 0.6782525444030761 0.09356911805298951 0.18426441192626952 0.015203891788517032
12 0.406404390335083 0.46806222726632885 0.2947202110290527 0.013498887070664413
12 0.24558784936645853 0.175433720769109 0.3216239266638112 0.01754502305039414
8 0.18952961921691894 0.4681057354351422 0.18378133773803712 0.013720675631686375
4 0.6592517852783203 0.07264101526758691 0.12740707397460938 0.013460856944591076
12 0.5024354553222656 0.44007835044517174 0.7370928955078125 0.03069963884783221
12 0.4003488121497806 0.5143181126786137 0.5336254576706562 0.03256578968718385
12 0.3402756476806525 0.4130952852266322 0.4949942826416255 0.014131948110219582
12 0.41262803412292226 0.4860963288728181 0.6400090789794922 0.015972790417370496
12 0.25167226791381836 0.21106205158405478 0.3289836883544922 0.01577606201171875
12 0.4004636523642339 0.5433854563802101 0.5408137539038603 0.014910008885838932
2 0.4765041251688473 0.9255426080377248 0.7059726151408185 0.01353946720157657
8 0.2450415714210908 0.5802723927540802 0.29267362746132214 0.013132676133164389
12 0.8124177169799804 0.1514902338251337 0.11790458679199219 0.014222291138795045
8 0.16503486156463623 0.4317023199957771 0.13870083808898925 0.01484232034769144
12 0.4116570601584175 0.5617982606630056 0.6259708662274795 0.013330078124999992
12 0.16861979166666663 0.1935763888888889 0.1710286458333333 0.019097222222222213
12 0.6961588541666666 0.1762152777777778 0.22884114583333337 0.017361111111111143
12 0.6329264322916666 0.19444444444444442 0.10237630208333336 0.01736111111111111
4 0.25172526041666665 0.016927083333333336 0.4432291666666666 0.016493055555555556
2 0.4757486979166666 0.9123263888888888 0.16139322916666665 0.017361111111111
9 0.6690592006209262 0.7552074607789626 0.23004557291666677 0.08333333333333315
