1 0.452947998046875 0.035590277777777776 0.26725667317708335 0.026041666666666675
12 0.22849867078993058 0.09505208333333334 0.28808186848958334 0.042534722222222224
12 0.4645175509982639 0.1488715277777778 0.7485500759548611 0.056423611111111126
8 0.2435390896267361 0.20095486111111113 0.24180365668402778 0.016493055555555535
12 0.45063408745659717 0.23133680555555558 0.7369805230034722 0.040798611111111105
8 0.17354329427083337 0.26953125 0.10412597656250004 0.014756944444444428
12 0.4575758192274304 0.2999131516721713 0.7485500759548609 0.04427091887787941
12 0.2707275390625 0.33723958333333337 0.29618055555555556 0.021701388888888857
12 0.34361572265625 0.36371527777777773 0.43964301215277785 0.013888888888888928
12 0.458154296875 0.3975694444444444 0.7473931206597223 0.0381944444444445
12 0.458154296875 0.44401041666666663 0.7520209418402777 0.03385416666666671
8 0.17527872721354165 0.48090277777777785 0.10296902126736111 0.012152777777777785
12 0.4622036404079861 0.5169270833333333 0.7531778971354167 0.03906250000000007
12 0.45699734157986116 0.5785590277777778 0.7589626736111111 0.06336805555555557
12 0.4587327745225695 0.6414930555555556 0.7670613606770834 0.04513888888888886
12 0.4622036404079861 0.6905381944444444 0.7693752712673612 0.04079861111111114
12 0.46451755099826386 0.7417534722222223 0.7740030924479165 0.051215277777777714
12 0.2470099555121528 0.8029513888888888 0.27188449435763884 0.02083333333333343
12 0.1579243977864583 0.8511284722222223 0.10296902126736113 0.01649305555555557
12 0.22329237196180557 0.9040798611111112 0.21750759548611115 0.01822916666666657
9 0.27188449435763884 0.85546875 0.2198215060763888 0.16927083333333315
