12 0.5008246412554992 0.43438709093912675 0.7055873932576104 0.12942761634167138
9 0.023947971972446993 0.5856686592374607 0.046739180111190645 0.11893367413010861
12 0.5043947287747775 0.8123596139075451 0.7066324474742112 0.12167134248178052
9 0.04091381177933085 0.26481621876618766 0.028454064551294813 0.09176727321087273
8 0.2567430576460261 0.3161660516285903 0.1367564155060111 0.016939270595170048
12 0.49391166909227097 0.6437030278740354 0.6190676395947108 0.02705013932552158
12 0.40920448088859535 0.6085313934206169 0.4521423142318973 0.016330907603065162
12 0.492930662284777 0.12351942212283866 0.7083416787551831 0.06373043665377608
12 0.5031129287670345 0.2119640733010771 0.697209034151244 0.08587065612496428
12 0.41955424435316163 0.34350264975260786 0.4781329701247724 0.01695727239032581
12 0.5090229194912712 0.898196035667599 0.6895479368932041 0.019354491401646697
1 0.39965542175505114 0.5330017203931515 0.31498851590943566 0.02569721371284653
8 0.2634345551524733 0.5832194382546799 0.14146708516241277 0.016728412358888254
8 0.263435567466958 0.6664382136525614 0.13645336311611928 0.015612789480030009
12 0.5095872427908433 0.7083400781919835 0.7058011003558136 0.04823741493105174
12 0.5028824173516826 0.29199227471799977 0.695244650238926 0.049824817414350527
12 0.2660549065055971 0.5832851134085185 0.13735439707931962 0.017443844167530007
7 0.5068354107672599 0.9318576388888888 0.030717297622258145 0.019965277777777856
