10 0.48288253784179686 0.7708352490176176 0.7108355712890625 0.25758116293578665
9 0.38230611165364586 0.6740781036122336 0.18989430745442712 0.14026355402404275
5 0.1541110356648763 0.09014517246469125 0.06123489379882813 0.046179820300569406
10 0.4781991577148437 0.2945727233522981 0.7301314290364583 0.0893118929948227
4 0.7047576141357422 0.13506438990741862 0.21668665568033854 0.014156573435404874
6 0.2572429847717285 0.08925360405686643 0.13614304860432944 0.03611118830429641
1 0.4586829121907552 0.16232607162893886 0.20588297526041666 0.026308916748919844
12 0.5689912923177083 0.21041283590432716 0.10726338704427084 0.015881162150113603
4 0.6717708079020183 0.10204090122954922 0.17618657430013018 0.013732155400891129
4 0.7008696238199871 0.03960976697264752 0.2308599344889323 0.019118132835633708
4 0.7198666381835938 0.06118068763269144 0.2758689371744792 0.01504643909695322
12 0.6675215584947811 0.19025630291653453 0.30686918713930067 0.01594347038769176
12 0.283598264058431 0.19102678992324848 0.3268414560953776 0.018798591695610475
9 0.7354864247639974 0.6817314320724543 0.20627904256184895 0.1442397871233425
12 0.382569736839675 0.43866525133971784 0.48295592426987066 0.014452564844215577
12 0.28650758107503255 0.22759084962974435 0.34148353576660156 0.013701246804929602
2 0.45964531192635205 0.9323332903638054 0.25566076138525656 0.013062614650067028
4 0.6504098002115885 0.08084643185493916 0.12829437255859374 0.014082912040410366
12 0.42652506849526534 0.4077404824620594 0.5865124443896809 0.02697854796103037
8 0.3374867935827043 0.5686734441636688 0.38492013054105956 0.012887766023074308
12 0.4928854497273764 0.5946714151083459 0.6996238199869793 0.03226008953302803
8 0.22535164336927394 0.49484663953087726 0.19867801309759725 0.014203150025141524
12 0.48035701751709 0.5404134145237803 0.6820494079589845 0.031608922918612774
12 0.7367459869384764 0.1672545422814316 0.13761927286783854 0.014907982409071438
12 0.7377731577555339 0.16701651244680704 0.13594080607096354 0.015031107560386248
12 0.47278718171296297 0.46614583333333337 0.6712485532407407 0.029513888888888857
12 0.4017780671296296 0.36501736111111116 0.5219473379629629 0.009548611111111143
12 0.2524768518518518 0.38324652777777773 0.21363425925925925 0.013020833333333356
12 0.19360604745370366 0.2092013888888889 0.14930121527777776 0.015625
4 0.11106553819444442 0.03993055555555556 0.19299913194444443 0.017361111111111115
12 0.5705005787037036 0.49435763888888884 0.4831047453703704 0.018229166666666644
12 0.5322649016203704 0.5108506944444444 0.5789973958333334 0.013020833333333356
8 0.19360604745370366 0.5138888888888888 0.1056032986111111 0.013888888888888928
2 0.4721802662037037 0.9474826388888888 0.6846006944444444 0.01822916666666657
9 0.9614371236165351 0.5365034271883232 0.06687428792317704 0.1403174912450015
