12 0.5039331366764995 0.11241319444444445 0.8087512291052112 0.06163194444444443
8 0.17883480825958703 0.15711805555555555 0.11184857423795477 0.01736111111111111
12 0.5027040314650935 0.2152777777777778 0.8136676499508358 0.08159722222222225
12 0.5039331366764995 0.32682291666666674 0.8087512291052112 0.11718750000000004
12 0.5039331366764995 0.41666666666666663 0.8087512291052112 0.04166666666666671
12 0.5045476892822026 0.47005208333333337 0.8099803343166175 0.03732638888888886
12 0.485496558505408 0.5091145833333333 0.7128810226155358 0.019965277777777787
12 0.2267699115044247 0.5325520619471968 0.2003441494591936 0.021701346116615988
12 0.23168633235004915 0.5590277777777777 0.19051130776794487 0.012152777777777785
12 0.3029744346116027 0.5824652777777778 0.3527531956735496 0.017361111111111143
12 0.24643559488692232 0.6111111111111112 0.23475909537856443 0.019097222222222213
9 0.34353490658800384 0.6857638931661164 0.22000983284169118 0.15277778633223224
9 0.6372910521140609 0.6636284850539043 0.18805309734513273 0.1328124743366364
10 0.5094641101278269 0.7061631944444445 0.7706489675516224 0.16059027777777785
