12 0.48868312757201643 0.1467013888888889 0.9230681298582533 0.078125
12 0.49296982167352554 0.2543402777777778 0.9202103337905809 0.11805555555555557
8 0.14574759945130317 0.3285590277777778 0.17432556012802927 0.01996527777777782
12 0.49368427069044357 0.3871527777777778 0.915923639689072 0.078125
12 0.4901120256058528 0.48263888888888884 0.9230681298582535 0.09548611111111115
8 0.13860310928212166 0.5486111111111112 0.14003200731595797 0.019097222222222213
11 0.13002972107910382 0.5733506944444444 0.14003200731595794 0.018229166666666644
10 0.5008287608596251 0.6493055555555556 0.9216392318244172 0.12152777777777779
10 0.49939986282578885 0.7513020833333333 0.9216392318244172 0.033854166666666574
12 0.5001143118427069 0.8480902777777777 0.9116369455875629 0.10069444444444443
