12 0.5128582646250491 0.14453124999999997 0.7606988614055753 0.05989583333333332
8 0.2098056537102474 0.18880210044224263 0.10797016097369458 0.016493021337737074
12 0.51592559874362 0.2439236111111111 0.7545641931684335 0.07465277777777779
12 0.5208333333333334 0.34635416666666674 0.7594719277581469 0.11284722222222221
12 0.519606399685905 0.43185763888888884 0.766833529642717 0.033854166666666644
12 0.519606399685905 0.484375 0.759471927758147 0.03472222222222222
12 0.4969081272084806 0.5173611111111112 0.6699057714958775 0.012152777777777785
12 0.2576560659599529 0.5434027777777778 0.18649391440910873 0.015625
12 0.2582695327836671 0.5659722222222222 0.19508244994110716 0.015625
12 0.328818217510797 0.58984375 0.32636435021594035 0.01649305555555557
12 0.2760600706713781 0.6119791666666667 0.2257557911268159 0.01736111111111107
9 0.30182568851640795 0.7087673611111103 0.21594029944931992 0.1484374999999999
9 0.6784943154646519 0.6953124999999999 0.1914016321252702 0.13541666666666677
10 0.5220602669807617 0.7018229166666665 0.7251177856301532 0.14843749999999992
