10 0.5133317057291666 0.741371841430664 0.961243896484375 0.23348373413085938
9 0.3522500991821289 0.7119033813476563 0.21203778584798175 0.1590544128417969
5 0.09133803367614746 0.08635214805603027 0.08149911880493164 0.060213756561279294
4 0.8447520446777343 0.059185950756073 0.2196564737955729 0.02071712017059326
10 0.5061329650878906 0.35252400398254397 0.9320525105794271 0.17350103378295897
10 0.5104070917765299 0.31673369407653806 0.9462583414713541 0.25195703506469724
1 0.509825210571289 0.16316784858703615 0.17996800740559896 0.036116504669189455
6 0.22758424123128254 0.0897425365447998 0.1847064971923828 0.046992740631103515
4 0.8332422892252603 0.10566515445709229 0.24453531901041667 0.02085810661315918
10 0.5116345087687175 0.22205195426940919 0.9462351481119792 0.07299860000610352
12 0.504540049235026 0.46621238708496093 0.9308859252929688 0.038289642333984374
2 0.4946627937511201 0.9352674484252926 0.539930751076459 0.018284225463867182
12 0.46816526688765053 0.5774509429931614 0.8517278725375248 0.015775451660156235
12 0.5169779138190964 0.49944308849438707 0.9553523770126816 0.035977088854007806
9 0.7019060770670572 0.749544792175293 0.2193170166015625 0.20063819885253906
12 0.2916666666666667 0.5264756944444444 0.4930555555555556 0.013020833333333356
12 0.511574074074074 0.55078125 0.935185185185185 0.028645833333333287
12 0.3784722222222222 0.5941840277777778 0.6736111111111112 0.014756944444444428
12 0.1996527777777778 0.61328125 0.3206018518518519 0.014756944444444428
4 0.8888888888888888 0.08203125 0.1435185185185185 0.014756944444444454
4 0.17939814814814814 0.04036458333333333 0.2222222222222222 0.021701388888888888
2 0.5127314549525083 0.9535589850055046 0.9328703703703703 0.018229166666666713
