1 0.5057767944936087 0.17751736111111113 0.2765486725663716 0.028645833333333322
12 0.7208702064896755 0.24739583333333337 0.20034414945919374 0.05381944444444446
12 0.3681170108161258 0.2916666666666667 0.4142084562438545 0.019097222222222213
12 0.4031465093411996 0.32986111111111116 0.48918387413962633 0.019097222222222213
8 0.5266715830875123 0.3671875 0.6452802359882006 0.02256944444444443
12 0.48611111111111116 0.40190972222222227 0.5764503441494592 0.013888888888888928
12 0.5033185840707964 0.45963541666666674 0.6919862340216322 0.05121527777777778
8 0.5045476892822025 0.5338541666666667 0.7362340216322516 0.06076388888888893
12 0.382866273352999 0.58984375 0.3601278269419862 0.019965277777777714
12 0.27593411996066863 0.6271701388888888 0.13888888888888887 0.019965277777777787
12 0.48672566371681414 0.68359375 0.5580137659783676 0.0234375
12 0.5008603736479842 0.7417534722222223 0.6919862340216322 0.058159722222222286
12 0.3226401179941003 0.8177083333333335 0.23475909537856438 0.02430555555555557
12 0.43264503441494595 0.8715277777777779 0.46214355948869223 0.015625
9 0.9873402163225171 0.34895833333333337 0.02531956735496564 0.09895833333333331
