9 0.6416353344243798 0.6904010620117188 0.21046219303109553 0.1411363525390625
9 0.3230075620662021 0.701461181640625 0.19887152634098032 0.1407957763671875
12 0.49176722596594175 0.19317021179199215 0.7504699189784163 0.09992190551757812
12 0.49474258207331934 0.2919562179120143 0.7503194000761385 0.07407271414434057
12 0.6524155611372264 0.8218725280761718 0.2865445411811441 0.01809503173828125
12 0.6782424193991106 0.7928438415527342 0.32556958387127033 0.01925677490234375
12 0.4897694129728328 0.11125188064575195 0.7448456327793962 0.04656038665771485
12 0.28590984667761854 0.7942232971191406 0.26225310934465484 0.03733612060546875
12 0.4533362954349841 0.4056019592285156 0.6393655033434852 0.0236748046875
12 0.3764692619022003 0.3763324737548828 0.4120704090527895 0.018590850830078123
12 0.49439082275552637 0.5001225597121846 0.75404314600389 0.04570221170952408
12 0.5026127205988966 0.5549107055664058 0.7542347493974145 0.04277294921874998
8 0.24358778484797075 0.5977454223632812 0.18900202088436838 0.019885498046875
12 0.31930669780868143 0.8486297398912273 0.33581761907775964 0.017698200485581256
12 0.4787932358219125 0.4346443176269531 0.7054499394476078 0.022708923339843746
12 0.6460016326042219 0.848666778564453 0.29402854617706126 0.01810186767578125
12 0.4612929134045617 0.46131314086914066 0.6687158272091278 0.02345733642578125
8 0.28013183033398986 0.34771588134765624 0.24690048303981285 0.01807427978515625
12 0.3727244193345888 0.6258680555555556 0.42421924042686754 0.019097222222222213
12 0.2568610718769617 0.6818576388888888 0.19739681418706845 0.019965277777777856
12 0.18636220966729444 0.7087673611111112 0.07111189579409917 0.016493055555555428
12 0.305290725047081 0.7378472222222221 0.294256120527307 0.03125
12 0.6504286330822348 0.6801215277777777 0.28076938166980553 0.014756944444444428
12 0.5486650580665412 0.7074652777777777 0.08214650031387315 0.019097222222222286
12 0.6167117859384809 0.7378472222222223 0.2157878217200251 0.026041666666666713
12 0.2580871390458255 0.8767361111111112 0.20230108286252352 0.02083333333333343
12 0.6179378531073446 0.8763020833333335 0.22314422473320783 0.0234375
