9 0.3517982737223308 0.6065325333649425 0.19188034057617187 0.14003102113584517
9 0.6415686543782552 0.6208709327812681 0.19356953938802082 0.14433555558824596
10 0.48924076080322265 0.6563913603922998 0.760191141764323 0.2198793625638217
5 0.15908671696980795 0.10485755858526308 0.0666733169555664 0.05176474349109213
10 0.4932772064208982 0.289565640311751 0.7782775878906246 0.06200038897021216
12 0.26156236012776696 0.20584500733836364 0.30908058166503904 0.01856589731722552
6 0.27442415873209636 0.10469543174133655 0.14986658732096353 0.040248866429334444
8 0.24243768394550924 0.38292247644028793 0.25346893987181274 0.015356883803773176
12 0.4803551167768262 0.4139220059815878 0.2382540252761006 0.013540822688839832
4 0.7572133890787761 0.07118410528189614 0.3157813517252604 0.01650504579687726
8 0.23796502845384665 0.41672831499180335 0.23936091933445128 0.017071879304486583
11 0.25619771957397464 0.24145573232568981 0.3224899546305339 0.01680889107537297
12 0.4955509763660503 0.34691656454995595 0.7684834428037154 0.043766066432103894
4 0.7141326904296875 0.0515319563422529 0.23254445393880208 0.018852468161290103
1 0.488947245279948 0.17392335540311776 0.19969767252604168 0.02810729061051564
12 0.18500487009684247 0.22561958463277626 0.15176409403483074 0.013123124388941193
12 0.813014882405599 0.16861802650354416 0.11294179280598957 0.013826460854893903
4 0.6835846201578777 0.11545478758916933 0.17322107950846355 0.014014764566962995
8 0.26474428812662765 0.5259679129060146 0.2982328796386719 0.016011721013180765
12 0.7070467631022136 0.19347771460045807 0.30607452392578127 0.017956076187717267
4 0.25933361843399216 0.05046122385692573 0.4107674758598806 0.025739105318365117
12 0.6357993165841391 0.3772194272050337 0.5141984558105469 0.016022930830406287
8 0.19281461269047123 0.5068970433806477 0.1419605801579607 0.01398716437029255
12 0.2278609664351852 0.39800347222222215 0.16356047453703698 0.011284722222222215
8 0.20538700810185184 0.43576388888888895 0.17604600694444442 0.015625
12 0.5300108506944444 0.4266493055555556 0.46820746527777773 0.02517361111111107
12 0.4763230613425926 0.47135416666666674 0.6579875578703703 0.05034722222222222
12 0.5025426793981481 0.5047743055555556 0.47070457175925917 0.0147569444444445
12 0.6117910879629629 0.2165798611111111 0.09738715277777771 0.019965277777777787
4 0.664230324074074 0.09375 0.13234664351851846 0.015625
2 0.4813172743055556 0.9223090277777777 0.25095920138888894 0.011284722222222286
2 0.5012941261574073 0.9375 0.760368923611111 0.013888888888888857
4 0.7728544560185184 0.1349826388888889 0.21475115740740733 0.014756944444444446
