9 0.7190461921691894 0.7566501478847992 0.24258007049560548 0.18869327815039438
9 0.3352972602844238 0.8641196081332905 0.13702892303466796 0.14997382373700407
5 0.11370488286018371 0.02913560592667351 0.20622289657592774 0.058252174129449615
12 0.22819409456098547 0.40261535936286263 0.3803639776260754 0.014672448940532372
10 0.5041268992424005 0.2323939024430168 0.9592320251464832 0.08171313379900552
12 0.8840511322021485 0.07159372406297615 0.17570098876953125 0.017651873382510008
12 0.48105210304260254 0.37720648508454824 0.8966985321044922 0.04096404270733748
12 0.2785643196105957 0.7165511588977352 0.16348133087158204 0.01690055307421128
12 0.8707830047607422 0.16639772929379404 0.12362335205078125 0.016453190469832995
8 0.08728390216827392 0.6587544836915931 0.09393877029418946 0.015405600203154875
12 0.08738743543624877 0.7372481161959997 0.07942846775054932 0.013582422901977774
12 0.4936500961311193 0.5079814847024591 0.9132445655807746 0.07595999221411756
12 0.25972952011232187 0.32147238782383875 0.4712110310321844 0.02342395185122256
12 0.08577759742736817 0.7196641269195148 0.08172607421875 0.015955150013444074
12 0.11216052532196046 0.7574363693908341 0.12119248390197754 0.015683351009799236
12 0.08392442464828491 0.7375698928395376 0.07976524829864502 0.010749423025215105
12 0.3129182752863005 0.5574849693354857 0.5420517474620671 0.013088025243331332
12 0.475689495547355 0.2924947390444618 0.8994628281609697 0.029336492723808102
12 0.8780312728881836 0.029791381573357954 0.1871558380126953 0.016287130789820595
12 0.30934643745422363 0.7364783204992232 0.23174245834350585 0.015231480789913958
12 0.4856146214110135 0.6137680099388543 0.8860055558378289 0.05886263982293426
1 0.5051026916503907 0.032242996514869234 0.11791786193847656 0.02267247267480562
12 0.4251637814521325 0.33979083712029556 0.7951148320321185 0.026801013842466935
12 0.23493916456759276 0.4200623918890525 0.40132351026502666 0.0200747205017254
12 0.8808436965942383 0.050641296926465594 0.17399024963378906 0.015252731498295216
12 0.4885791397094726 0.45160917980168436 0.8962065124511718 0.033847731128057286
12 0.22529405381944442 0.1401909722222222 0.40972873263888887 0.09461805555555555
12 0.8648567708333335 0.010850694444444446 0.133927951388889 0.01649305555555556
6 0.1106608072916666 0.07248268166116197 0.16003255208333322 0.02170147443343503
12 0.3019053819444443 0.5759548311705199 0.5334418402777774 0.018229226547848865
12 0.0856911892361111 0.7877604166666665 0.053344184027777776 0.014756944444444428
12 0.12825303819444442 0.82421875 0.14754774305555554 0.011284722222222286
12 0.1316579861111111 0.8459201388888888 0.14754774305555557 0.01822916666666657
12 0.12541558159722221 0.86328125 0.14641276041666665 0.011284722222222286
12 0.12711805555555553 0.8819444444444445 0.14300781249999997 0.012152777777777856
12 0.1305230034722222 0.9019097222222223 0.1407378472222222 0.013888888888888715
12 0.6815570746527777 0.7139756944444443 0.28942057291666673 0.014756944444444428
12 0.6707747395833333 0.7313368055555557 0.2610460069444445 0.014756944444444428
12 0.6055132378472223 0.7534722222222223 0.13279296875000007 0.017361111111111285
12 0.6304828559027778 0.8098958333333333 0.19408203125 0.012152777777777714
12 0.628212890625 0.8302951388888888 0.1691124131944445 0.013020833333333428
12 0.6253754340277777 0.8502604166666665 0.16797743055555558 0.014756944444444428
12 0.6480750868055555 0.8684895833333335 0.20429687499999985 0.014756944444444428
12 0.6668023003472223 0.8901909722222221 0.25083116319444443 0.0234375
