6 0.3337807210286458 0.09043005863544656 0.1566925048828125 0.041220090976171415
9 0.6827500915527344 0.7129272532828144 0.19829508463541667 0.13923887650452738
9 0.38082272847493487 0.7142761374250035 0.192906748453776 0.13703916659765164
10 0.48781299591064453 0.7886645493434371 0.7422603352864583 0.20752492304825532
5 0.21612180709838869 0.09073697327163391 0.07010110219319661 0.05065524367477363
10 0.5131638717651367 0.314535574581654 0.7304189046223958 0.0873924408138711
4 0.6887407684326172 0.11527693426089516 0.13835230509440105 0.015269446850384645
12 0.6773904418945312 0.211865572261024 0.31207173665364585 0.019302853425905476
1 0.5158629862467448 0.1652008883383024 0.20149586995442706 0.03051721867178298
4 0.7346071370442708 0.13998455321690498 0.2005384318033854 0.01618278152951082
12 0.5772404479980469 0.23121961182503312 0.10188069661458334 0.014903829010692727
4 0.770257822672526 0.07250324154911109 0.3144255574544271 0.01723380476341652
4 0.7240900675455729 0.05037289766596961 0.2199607340494792 0.01696186043208002
12 0.4868462371826171 0.6466694574337564 0.6659292602539061 0.033742520442086026
12 0.30866214752197263 0.21096356934456437 0.30378260294596354 0.01697296753648594
12 0.7551212565104167 0.1710687464342241 0.10699483235677083 0.015705122122073763
4 0.6785805765787761 0.09351735289161421 0.1290996297200521 0.013565638601709734
12 0.31180811564127603 0.2466800271832901 0.3202599080403646 0.015197556206980638
12 0.4950964413323652 0.39913022030871104 0.6735687648775862 0.04587740940374299
12 0.23602715810139976 0.22905143495162048 0.15979057312011719 0.013384725797583555
12 0.49222679138183556 0.5996351272179007 0.6625853983561194 0.015269829486459142
12 0.3126530075073242 0.22013733665008003 0.3129137929280599 0.03521151593211683
4 0.14800998263888887 0.03602430555555555 0.17810329861111107 0.01822916666666666
2 0.4753515624999999 0.9171006944444443 0.16704861111111108 0.01649305555555557
2 0.4827213541666666 0.9314236111111112 0.6903038194444444 0.015625
12 0.3132161458333333 0.6176215277777778 0.30953125 0.014756944444444428
12 0.49377604166666655 0.5651041666666667 0.6780208333333332 0.052083333333333356
12 0.49439019097222214 0.45529513888888895 0.6669661458333332 0.0546875
12 0.49684678819444444 0.5004340277777778 0.6743359375 0.03211805555555557
12 0.3985828993055555 0.5269097222222222 0.4802647569444444 0.015625
