9 0.3531797885894775 0.7580457720840187 0.26845243453979495 0.18841970343338815
9 0.335768985748291 0.5451175355074699 0.18381710052490235 0.12953014708401864
9 0.93522705078125 0.8537328887404056 0.06416290283203124 0.1491981907894737
12 0.514950647354126 0.36133560716060176 0.8085131072998046 0.03986663818359375
6 0.8194380569458007 0.059227061689945695 0.14121055603027344 0.03839918772379557
12 0.5286258029937744 0.24280872679593268 0.8616932678222656 0.04223786738880894
12 0.5102416133880613 0.30487960373469103 0.8114128875732418 0.06316269501472233
12 0.2559408378601074 0.6185975191885965 0.33696319580078127 0.02014267235471491
12 0.5145829677581787 0.4097989534076891 0.810553207397461 0.04752122310169957
12 0.15983596801757813 0.7556098001045093 0.13047969818115235 0.016549147221080043
12 0.2682392406463623 0.7097080699184485 0.3549091339111328 0.021346135725054824
9 0.9286881637573242 0.3742818865859718 0.027308120727539062 0.08931683992084703
12 0.49933323989129863 0.19062150150760973 0.8252371813817184 0.05145133506386482
12 0.22326095581054686 0.5728117290296053 0.2805288696289063 0.01989210697642544
12 0.3514815330505371 0.43646117093270287 0.46816070556640627 0.02556687739857456
12 0.2514550304412842 0.7555053710937498 0.31075958251953123 0.01709337736430921
8 0.17194010416666664 0.1540798611111111 0.22265625 0.013020833333333339
12 0.41809895833333327 0.11371527777777779 0.6358072916666666 0.03472222222222222
12 0.13916015625 0.5303819444444444 0.11998697916666666 0.020833333333333356
12 0.22822265625 0.8016493055555556 0.2634765625 0.021701388888888857
7 0.5244791666666667 0.95703125 0.13854166666666665 0.0234375
