6 0.18880479600694447 0.09895833333333331 0.11761610243055558 0.029513888888888874
5 0.10833062065972221 0.0998263888888889 0.04828450520833334 0.03472222222222223
1 0.501416015625 0.1332465277777778 0.17580512152777777 0.030381944444444448
4 0.8437407769097223 0.0876736111111111 0.21418511284722228 0.017361111111111126
4 0.8189794921875 0.10677083333333331 0.27113606770833326 0.017361111111111126
10 0.5175108506944445 0.18489583333333331 0.86912109375 0.06770833333333334
10 0.5131776258680556 0.31032986111111116 0.8753114149305558 0.1814236111111112
12 0.5076063368055556 0.42838541666666663 0.8592165798611111 0.04427083333333329
12 0.511320529513889 0.46831597222222227 0.8592165798611113 0.028645833333333356
12 0.5131776258680556 0.49869791666666674 0.8604546440972223 0.028645833333333356
12 0.30827799479166673 0.5199652777777777 0.45560763888888894 0.012152777777777785
12 0.4995589192708334 0.5438368055555556 0.8356933593750001 0.026909722222222213
12 0.3899902343750001 0.5651041666666666 0.6190321180555557 0.015625
12 0.38503797743055557 0.5815972222222223 0.6140798611111111 0.012152777777777785
12 0.2228515625 0.5963541666666667 0.28227864583333334 0.010416666666666644
12 0.511320529513889 0.6189236111111112 0.8592165798611113 0.03125
10 0.5199869791666667 0.7426215277777779 0.8765494791666667 0.21093750000000008
2 0.5094634331597222 0.85546875 0.4741786024305556 0.011284722222222286
2 0.5181298828125 0.8797743055555557 0.7094108072916667 0.03038194444444443
