10 0.5001978339999914 0.44003103820370953 0.9996042633056641 0.3858201738814233
9 0.6575480079650879 0.899245732267138 0.19078105926513672 0.10940455047177597
12 0.14119744122028352 0.1622118546929158 0.2666117477416992 0.024595596420932828
12 0.6396975326538087 0.16428761415078608 0.11616477966308594 0.020403378446337203
12 0.1869498411781429 0.8810094645325565 0.2523718516097787 0.019059785654847047
12 0.6546277236938477 0.19651271927524622 0.15400123596191406 0.022073262174364547
12 0.4566971447644872 0.758414067013163 0.803887295210713 0.021861492747991852
12 0.09406562149524689 0.9458969008754677 0.17157041549682617 0.022060448015239875
12 0.29613966166156525 0.7008654097436182 0.48084596277916725 0.01908208282900528
12 0.46209536552429176 0.7276872117584365 0.8223305511474606 0.022482470357486576
12 0.6677140617370605 0.13007012219496175 0.17487064361572266 0.025635786459479535
12 0.18466371297836304 0.9056116023533781 0.36488525390625 0.01934019276793574
12 0.655263385772705 0.23095035552978516 0.16146007537841797 0.02181063907247194
12 0.2972019838367171 0.7913193501217256 0.4755802776268594 0.020501687493122797
12 0.17546704292297363 0.8520185175076337 0.23112228393554687 0.020859892939178035
12 0.5213523101806641 0.9447130015198614 0.11035850524902344 0.06013144909496039
12 0.17642877049684963 0.19664733510621843 0.33498107060908433 0.02142014301998514
12 0.25520784764085325 0.12819575591826118 0.497293598027907 0.025145745613205615
12 0.06841145833333334 0.2300347222222222 0.1121701388888889 0.01909722222222225
1 0.45176215277777776 0.0959201388888889 0.2748784722222222 0.03385416666666668
4 0.5312673611111112 0.041232638888888895 0.26378472222222227 0.025173611111111115
12 0.03389756944444445 0.9665798611111112 0.05546875 0.016493055555555428
12 0.12388020833333335 0.8246527777777777 0.12203125000000002 0.017361111111111285
12 0.23851616746444418 0.672743055555554 0.37102539048444394 0.01562499999999996
8 0.09799479166666668 0.6449652777777777 0.09984375 0.019097222222222213
12 0.6015277777777779 0.06597222222222222 0.05670138888888886 0.015625
