5 0.10323730249985999 0.09977502696095047 0.05517299200898858 0.04657822556826706
10 0.5186768193398752 0.7360666069357574 0.8921671221333165 0.2465781996486106
6 0.19820154525045855 0.10047074998323112 0.12447569105360243 0.03602077760231548
9 0.7695633262716314 0.7353782484767356 0.07990513736629144 0.1070423210741322
1 0.5027759784438705 0.14636170177375196 0.16960111228368613 0.03997231374991345
10 0.5196708145961967 0.29356458655488366 0.892338359655018 0.10194187361521417
12 0.2190494332262265 0.6484100927806499 0.27305570212743613 0.015905202755723782
12 0.5176209125585711 0.5867024003314831 0.8897314884092985 0.031184952931706936
2 0.5128294011597991 0.9500598541214686 0.30761294894748265 0.015178460666312777
4 0.8507101681070088 0.08184851642197309 0.2359910643656194 0.02003486892497346
12 0.5152259849896573 0.36865454128609043 0.8845308659954828 0.02873162363973637
2 0.5201136271158855 0.9127591695179791 0.5200014832199261 0.01753025252146418
12 0.38136215155991515 0.5425632313400109 0.6221474126599961 0.013746613765925014
12 0.30399353720120614 0.47014853450713096 0.4616159739426818 0.015718851695208633
9 0.4011083349959398 0.7472287830256993 0.1910365388384857 0.1568374971871538
12 0.8305595151839718 0.110420700366247 0.2802957514280914 0.021095625230797638
12 0.5178108434209712 0.4996473305996816 0.8862433053523072 0.033688197134554856
12 0.229676263734004 0.6741477481723712 0.2938746517277106 0.014471237205156019
11 0.23380563022700124 0.23524305555555558 0.3201662684189566 0.01909722222222218
10 0.5192170076662684 0.19661458333333337 0.8994144514137794 0.056423611111111105
12 0.5118447580645161 0.4053819444444444 0.8762445240939865 0.03298611111111107
12 0.5144777043508563 0.44314236111111116 0.8794040596375946 0.03732638888888886
12 0.3538679808841099 0.5234375 0.5623973267622461 0.015625
12 0.21748136325169257 0.5607638888888888 0.2938368055555556 0.01736111111111107
2 0.5123713473217841 0.9301215277777777 0.7467035668060535 0.018229166666666713
