10 0.5028379090627034 0.7224020706979851 0.9158739217122396 0.23424278149764505
5 0.0853618590037028 0.07549117284528377 0.04683762232462565 0.03325050299247486
10 0.5082483037312825 0.23660701769961123 0.9075716145833332 0.21194041859019885
9 0.34154394785563147 0.6838177767666903 0.2069429270426432 0.1478548186817808
1 0.5061196390787761 0.10833451394259075 0.184508056640625 0.031292682629452936
12 0.5044309298197428 0.5849185742829975 0.8993700154622395 0.02782841732627467
12 0.5104395514484339 0.5448945962652598 0.9234840679795104 0.013948842193114314
12 0.4987499945507545 0.39197600515265274 0.8989818228932619 0.028168637216376323
4 0.8442724609375 0.06171715202514065 0.2268564860026042 0.0161787242980665
12 0.2782397533240452 0.48009562150143 0.45842802509019054 0.012839394893372465
4 0.8138888295491538 0.08085553383713133 0.2806669616699219 0.01610173677143298
12 0.5013750365601679 0.4552148527448318 0.9112892659505207 0.04316693173641223
2 0.4837525349034671 0.905215176669034 0.4993410402191077 0.015492416454844535
1 0.16705479939778645 0.0753966678272594 0.10962198893229166 0.027829334496311024
12 0.49653084593825286 0.5012650728619774 0.9170846207502037 0.024052032371296918
12 0.2021320433289081 0.556465220425521 0.3014876490481878 0.0192322854785663
6 0.16670668919881185 0.07539227362454794 0.11079179128011067 0.028222257440740414
12 0.33218646917620376 0.5242904058019929 0.5808976102350739 0.01415464410371185
2 0.4988129806518555 0.9377695110996374 0.29831845601399737 0.015192424281362143
12 0.07680266203703703 0.45703125 0.06168402777777777 0.0008680555555555713
12 0.4983101851851852 0.421875 0.904699074074074 0.029513888888888857
2 0.5001244212962963 0.9244791666666665 0.7752835648148149 0.02430555555555557
