1 0.544823006208214 0.1323784722222222 0.24482151384909273 0.037326388888888895
4 0.8042323304680038 0.07335069444444445 0.30190425023877737 0.026909722222222213
12 0.7991583094555874 0.1284722222222222 0.2004238299904489 0.022569444444444448
10 0.5391147325692454 0.2947048611111111 0.8093063514804202 0.2543402777777778
10 0.5308694484240688 0.6006944444444444 0.8029638252148997 0.3541666666666668
10 0.5296009431709647 0.8177083333333335 0.8004268147086916 0.048611111111111
12 0.17505372492836674 0.8589409722222223 0.08372134670487105 0.019965277777777714
12 0.18647027220630372 0.8953993055555556 0.11162846227316142 0.021701388888888857
12 0.154123388252149 0.9305555555555556 0.04439768385864374 0.017361111111111143
12 0.5778041427889207 0.8706597222222223 0.09260088347659981 0.019097222222222286
12 0.5930262058261699 0.9053819444444444 0.11797098853868192 0.015625
12 0.557508058739255 0.9422743055555555 0.04947170487106014 0.018229166666666713
9 0.7109972059950322 0.892795155997798 0.19408128046456777 0.12934031199559615
9 0.25940933879751527 0.9049479380528034 0.19154432229417073 0.13107643166116165
9 0.047568964436674334 0.9019195867909328 0.09513792887334867 0.13018860419591252
2 0.8771713825214893 0.988281245722773 0.09260088347659984 0.00954861966556644
