1 0.4583987441130299 0.13151041666666669 0.2005494505494505 0.02864583333333334
4 0.6571575745682889 0.06987847222222222 0.33544283097854516 0.01996527777777777
4 0.6625294348508635 0.0915798611111111 0.3509615384615385 0.014756944444444428
6 0.22263376504447932 0.08723958333333334 0.08475601779173203 0.019965277777777787
5 0.15578394819466246 0.0859375 0.04178113553113553 0.027777777777777787
5 0.09549973835688123 0.08550347222222221 0.05729984301412874 0.04600694444444445
12 0.2178587781266353 0.16493055555555552 0.30918040293040294 0.019097222222222196
12 0.22144001831501833 0.19227430555555558 0.3044054160125589 0.01996527777777782
12 0.6995355834641549 0.16232638888888887 0.18383699633699627 0.020833333333333322
12 0.7150542909471481 0.19270833333333337 0.20771193092621665 0.01909722222222225
4 0.7604166666666667 0.12760416666666666 0.20532443746729456 0.010416666666666678
12 0.2291993720565149 0.22005208333333331 0.3318615907901622 0.014756944444444428
10 0.4792893118785977 0.2725694444444444 0.9203787284144428 0.0642361111111111
12 0.22800562532705387 0.3203125 0.32947409733124017 0.017361111111111143
12 0.467948717948718 0.3589409722222222 0.8093602825745684 0.04600694444444443
12 0.33902407116692834 0.40017361111111116 0.544348508634223 0.017361111111111143
12 0.4273613291470435 0.43185763888888884 0.7162480376766092 0.019965277777777787
12 0.38975830716902155 0.4578993055555556 0.6529794610151753 0.0164930555555555
12 0.37603021978021983 0.48654513888888884 0.625523286237572 0.016493055555555643
12 0.5073423600209316 0.52734375 0.8809850863422294 0.04427083333333329
12 0.4309425693354265 0.5681423611111112 0.7234105180533753 0.019965277777777787
9 0.8935194270015699 0.5368923611111112 0.16831828885400313 0.06510416666666664
9 0.30559914906106583 0.6388888888888884 0.1957744909935143 0.14062499999999992
9 0.8308477237048666 0.7873263888888888 0.19338697017268444 0.140625
10 0.4816768053375196 0.7217881944444444 0.8439789377289378 0.2508680555555555
2 0.4661580978545265 0.9227430555555556 0.14444335426478289 0.013888888888888857
2 0.47570807169021456 0.9366319444444445 0.7293792517006803 0.012152777777777856
