9 0.3386968231201172 0.69262753082401 0.21082244873046874 0.1401952421714249
10 0.5057326698303223 0.7847358358249743 0.8694854736328125 0.1901514877507716
6 0.26497304916381836 0.0780446621616191 0.17786815643310547 0.045400071634677214
5 0.13616674423217773 0.07546465524430138 0.08157787322998047 0.06018310044528035
9 0.7669211387634277 0.7342218595277135 0.34135898590087893 0.22437251840599276
1 0.5015086174011231 0.16099557758849342 0.21434368133544923 0.029205083650816616
12 0.25310171604156495 0.1913760652267393 0.3475931167602539 0.017726128974569186
10 0.49990057468414306 0.2812755569018454 0.8517205047607422 0.06188088248296039
12 0.5014455604553223 0.47842025442869085 0.8315491485595703 0.030478847173996914
12 0.5056908256785502 0.4333657013137824 0.8307838092294488 0.0553837749165681
12 0.8527730178833007 0.16678266486022697 0.12555747985839844 0.014824070557645319
12 0.24469346523284913 0.23065371415252056 0.3629170989990234 0.01510175540123457
4 0.7950522232055665 0.05729522391111272 0.34939811706542967 0.01625006404923804
12 0.49870232266030434 0.5120698296462325 0.8188241019355402 0.032424968255943945
12 0.42239976042923627 0.6127321094151876 0.6723864723361088 0.02006358707883231
10 0.5032367706298828 0.35618249712657535 0.8521713256835938 0.06165427376703961
12 0.1665516185760498 0.21141485520351083 0.17211179733276366 0.01556567282343107
12 0.5025116157531738 0.35790731798964764 0.8414705657958984 0.06266014821244856
4 0.8069232940673828 0.1310214509689268 0.23769805908203126 0.01674866225003215
4 0.25122000932693483 0.012752741354483146 0.46459365844726563 0.019843339331356097
12 0.33867611885070803 0.538975342801569 0.47807811737060546 0.012454386895576132
4 0.7479472541809082 0.03016320452278043 0.25231945037841796 0.02127577385294094
12 0.449560546875 0.5746527777777778 0.71982421875 0.04861111111111114
12 0.25048828124999994 0.6297743055555556 0.3374999999999999 0.013020833333333356
12 0.5042724609375 0.6527777777777777 0.842431640625 0.029513888888888788
12 0.7349853515625 0.1892361111111111 0.2781738281250001 0.019097222222222213
12 0.6532470703125 0.2105034722222222 0.11469726562500007 0.016493055555555535
4 0.6967529296874999 0.07986111111111112 0.15161132812499992 0.01909722222222223
4 0.7191650390624998 0.10460069444444443 0.185888671875 0.01996527777777777
2 0.48054199218749993 0.92578125 0.280810546875 0.013020833333333143
2 0.49306640625 0.9409722222222223 0.85166015625 0.019097222222222286
