8 0.1877529033292855 0.4187343744384344 0.0902624904287902 0.018629094936026453
12 0.4566614989299687 0.5493368507459837 0.6894133072717267 0.1117656898608216
12 0.3313902640233179 0.6807083559831439 0.23122224909970807 0.02138076615511788
9 0.8853355512867296 0.3054265904659646 0.08960531097458842 0.14562932124694508
8 0.19179856795446798 0.6234237205851962 0.09900284397656849 0.019355269394228006
12 0.47060876820025366 0.8099223439072383 0.6827328084621459 0.048220791852357676
12 0.4670064905701146 0.9154173852123304 0.7085784398030718 0.09339290846766174
12 0.2424224164182888 0.7100103201709855 0.16699764374386844 0.019019874366554054
1 0.4456424567089694 0.2004780783058241 0.28214064126357913 0.03105022305383841
12 0.2951744161375084 0.7399461163810918 0.27119616381424677 0.019135837653644336
12 0.320976376862604 0.476167315789651 0.33093427276233983 0.01883754105044207
12 0.44980640659554694 0.3598998115043427 0.6936549234901418 0.07423801871810308
12 0.2804199148648366 0.6517134277624532 0.2478039261027828 0.02077827651038672
12 0.617242366212433 0.24591012683800406 0.35920507363849535 0.01999606833915864
12 0.44760336299037495 0.2009041837195407 0.28587402063343464 0.03287148544197455
12 0.26526038971648286 0.8590731234163852 0.20373806215902565 0.019593794363678838
12 0.3363542464267483 0.30208333333333337 0.471589458907606 0.01736111111111111
12 0.47216738716607126 0.44444442733553513 0.6299418017270718 0.019097256440040525
8 0.2779834923217628 0.7708333333333335 0.2600677163093415 0.02256944444444443
