9 0.4041551167222825 0.4691198237185188 0.1866979433443934 0.1330036300112052
9 0.3195224803544169 0.6457069844228 0.1896796967649248 0.13298914414885102
9 0.4216745843991282 0.2517669017707073 0.18713706628324334 0.1304092884877899
9 0.4646116833461597 0.6892550820712685 0.09435369855798345 0.07041817384479937
9 0.9492343229587202 0.8115889191559654 0.03801260660577311 0.11200295080837366
12 0.5154101687928915 0.5837620847525079 0.728818362872495 0.04128526352180563
12 0.30134206131960917 0.731646412397286 0.29932471018526696 0.025966099330357144
12 0.33749907104344345 0.45949228337765013 0.38178044651418047 0.026403037403955606
12 0.49855500438014083 0.13413961006798697 0.7084108860106728 0.02600143534878361
9 0.9773849592027907 0.268437827929354 0.04523008159441865 0.11952093967878487
12 0.35894533911201804 0.4117657786821464 0.42578987426511405 0.03349409282512806
12 0.2940235715457207 0.6882093903960054 0.2865149413668248 0.02072437093145276
12 0.3650812819738469 0.5123854991585 0.4335216018621316 0.026381881792028314
12 0.19457200690799803 0.09809027777777779 0.08373985107432824 0.01388888888888891
12 0.27215451599156687 0.18532986111111108 0.24629367963037727 0.02170138888888889
12 0.291858010361997 0.23828125 0.27831185798232627 0.02170138888888893
12 0.2949366813573768 0.29036458333333337 0.29924682075090836 0.02517361111111111
12 0.3054041627416677 0.35026041666666663 0.3054041627416677 0.021701388888888857
12 0.3694405194455659 0.64453125 0.44579156013098287 0.021701388888888857
