10 0.5246566963195801 0.33442068184371543 0.691217041015625 0.2974517822265625
9 0.38123498916625975 0.6289118944016178 0.18380290985107423 0.1315858013862002
9 0.9451185607910156 0.757571978273645 0.09466552734375 0.13015017889242256
4 0.7478244590759278 0.029098033905029297 0.2279263687133789 0.01863229295848745
5 0.21501785278320312 0.07631106418845927 0.05810783386230469 0.04222385777836353
9 0.9431280136108399 0.5798381704144773 0.09182243347167969 0.1293625012963219
4 0.7662247657775879 0.05233842630301957 0.27093273162841797 0.01424257396596723
12 0.3498974609375 0.6102074547151548 0.3458153533935547 0.03638321868086283
2 0.5042406272888184 0.8958955747891316 0.2773093032836914 0.01395684976493363
6 0.3175672743055556 0.07725694444444445 0.1373263888888889 0.02951388888888889
4 0.7001193576388889 0.07291666666666666 0.12261284722222228 0.013888888888888885
4 0.7246419270833333 0.09288194444444445 0.1790147569444445 0.013888888888888893
4 0.17349717881944443 0.026475694444444448 0.1802408854166667 0.016493055555555556
12 0.34025065104166674 0.7677951388888888 0.33963758680555556 0.068576388888889
2 0.5180392795138887 0.9105903077183685 0.6657877604166665 0.013888829007706367
