9 0.6428792572021484 0.3756244511149376 0.18215133666992187 0.1297329744264852
9 0.9724800872802735 0.41937373130987055 0.04372161865234375 0.11827181758813218
10 0.5165341758728027 0.5778225201178777 0.7824942779541015 0.09436714522830168
9 0.9818463134765625 0.5877532689394462 0.020196380615234374 0.08048353431081604
12 0.5030168342590333 0.4570998125174526 0.7583435058593752 0.05750055129846567
12 0.5724374008178711 0.30478901408165165 0.14295692443847657 0.013381284033030587
12 0.5012004947662354 0.8396636908972642 0.7623754119873047 0.036219782205857996
12 0.25447897911071776 0.8028761523351231 0.2453785705566406 0.014653559708342536
12 0.330270357131958 0.9196176158244534 0.3938250732421875 0.0153449499986197
7 0.1755745708080906 0.9404891590347552 0.0962722374731743 0.015441571023354687
8 0.23141430854797362 0.49523316508047144 0.2073453140258789 0.015778450578345846
12 0.23306363105773925 0.4954179689656719 0.21052688598632813 0.015986088729157466
12 0.23496766090393068 0.1474357038841652 0.21907665252685546 0.015431353565660888
12 0.2516442203521729 0.7763969771853606 0.2377760887145996 0.01305381316599492
12 0.4970115247433921 0.8872790926336814 0.7404061382878715 0.03777962944111632
12 0.5545852088928223 0.26406411484357745 0.1102524185180664 0.017009047653144323
12 0.5080298519134522 0.6682893463242601 0.7593112182617188 0.01783898019959143
12 0.49947242736816405 0.7214231649380829 0.7513265991210936 0.07666589468363415
12 0.5411985206604004 0.1478374669914111 0.12118175506591797 0.015589562405967039
12 0.8160374069213867 0.05908295965026209 0.10753303527832031 0.016338729184423657
12 0.2230079936981201 0.26901077971441584 0.2054259490966797 0.02264366554287213
12 0.1776312255859375 0.2460494428978371 0.10795242309570313 0.01609885818966707
12 0.1799752902984619 0.3445640941390722 0.1046613883972168 0.01563117360900232
12 0.5295245742797852 0.7770542913106641 0.0982025146484375 0.015408087956189268
12 0.23857430458068848 0.16688772814855135 0.2348041534423828 0.015822407213622183
12 0.261073055267334 0.06188287667587873 0.28435161590576175 0.019035767329455264
12 0.5370047187805176 0.24516277515424856 0.07551692962646485 0.013593586089333039
12 0.6229329109191895 0.282878013044701 0.2440707015991211 0.01756456462738792
12 0.1841818857192993 0.286095663010021 0.10405871391296387 0.015500719050215326
12 0.16029296875000004 0.32595486111111116 0.0749262152777778 0.013020833333333356
12 0.16029296875000007 0.3055555384466463 0.07738281250000004 0.013888923106707357
12 0.2812803819444445 0.18489583333333337 0.3169010416666667 0.01736111111111111
12 0.3052322048611112 0.21744791666666669 0.3598914930555556 0.033854166666666644
12 0.634416232638889 0.18967013888888887 0.2763671875 0.016493055555555535
12 0.623361545138889 0.21484375 0.24934461805555563 0.014756944444444428
12 0.5392230902777778 0.32595486111111116 0.07615451388888893 0.013020833333333356
12 0.5379947916666667 0.34592013888888884 0.08106770833333336 0.014756944444444357
12 0.5564192708333334 0.36328125 0.11791666666666671 0.013020833333333428
12 0.5730013020833334 0.38411458333333337 0.1437109375 0.018229166666666713
12 0.5453645833333334 0.40364583333333337 0.08352430555555557 0.013888888888888857
12 0.16397786458333335 0.3663194444444444 0.08229600694444444 0.015625
12 0.18301649305555556 0.38454861111111116 0.11791666666666668 0.017361111111111143
12 0.16950520833333335 0.40364583333333337 0.09089409722222222 0.013888888888888857
12 0.4090234375000001 0.7756076388888888 0.04913194444444443 0.013020833333333428
12 0.6909179687500001 0.7747395833333335 0.04299045138888886 0.014756944444444428
12 0.21126736111111113 0.640625 0.17196180555555557 0.015625
