9 0.9574430847167968 0.7613071137824946 0.08012451171875 0.12883884126106196
10 0.5134516334533692 0.766052057046806 0.6946918487548828 0.17263966788232854
9 0.39138195037841794 0.7528279802440543 0.182584228515625 0.13055787213080752
4 0.7445780944824218 0.033434449254938985 0.22478164672851564 0.018812442880816165
10 0.5228965377807617 0.2987545992420838 0.7049935913085937 0.12362689803131914
4 0.7625885772705078 0.05751892359910814 0.26608978271484374 0.014543678486241704
4 0.7512883377075196 0.1288165472250069 0.2131964874267578 0.016702918668763826
9 0.950972785949707 0.5715839487261476 0.09552955627441406 0.13070948778000552
5 0.21235668182373046 0.07788693925975698 0.06004711151123047 0.043436121307643114
12 0.6889838600158691 0.18089230292666275 0.3299282455444336 0.017460875384575497
12 0.33242575645446776 0.17762921088564712 0.30819963455200194 0.019624396130047014
4 0.6957759094238282 0.07639456217267872 0.12336044311523438 0.013164331216727738
12 0.5115404319763184 0.6263042348676023 0.6673291015625 0.03362081071971792
1 0.5075154113769531 0.15106321351718058 0.1976019287109375 0.027949807496197455
12 0.5055373191833497 0.5714982606574077 0.6573388671875001 0.0310068400371611
12 0.7850455474853516 0.15916507012021225 0.12745223999023436 0.013936662251970409
12 0.520808495232118 0.446708299450996 0.6586244035787306 0.10736503941602708
4 0.7186039352416992 0.09803550517664547 0.16863075256347657 0.013071488912126662
6 0.311107292175293 0.07972214285251314 0.13628242492675782 0.03545298618552959
12 0.3294888454930715 0.5973416758849556 0.29629887456561477 0.015382155696902648
12 0.3399862861633301 0.21416773163111863 0.32379981994628904 0.016044711222690817
4 0.17219026565551757 0.026571777647575442 0.18443920135498046 0.01483548425995143
12 0.519257506082693 0.5178352382271824 0.6713267160450627 0.0362083297467197
12 0.24461263020833332 0.1953125 0.1311957465277778 0.013888888888888928
12 0.5793457031249999 0.19791666666666663 0.10176866319444443 0.015625
12 0.4420193142361111 0.38237847222222227 0.49658203125 0.018229166666666644
12 0.5088433159722223 0.5460069444444444 0.6547526041666667 0.02256944444444443
9 0.6627224223736324 0.7565097237558427 0.17533637152777767 0.12760421799339475
2 0.4824815538194444 0.8962673611111112 0.26361762152777773 0.01822916666666657
2 0.49658203124999994 0.9118923611111112 0.6596571180555554 0.0234375
