10 0.5098812198638916 0.7353936244715463 0.9188745880126953 0.2638448338269985
9 0.3733025455474854 0.6252685753949321 0.2200318717956543 0.15074327256944445
5 0.13672830104827882 0.0726355923951127 0.07660367012023926 0.04974865448282774
10 0.4939804458618164 0.3000636598232745 0.8686178588867187 0.1495386177043575
4 0.7826694107055664 0.052462703196854796 0.33658149719238284 0.015907468787687527
6 0.26088857650756836 0.07552732381909656 0.16579730987548827 0.03677713719336435
1 0.4951942825317383 0.14506282919640254 0.21783721923828125 0.030055478834519454
4 0.8042711639404296 0.1164454103426169 0.22867828369140625 0.01566196276638041
4 0.7343081855773925 0.03103825518193136 0.23508525848388673 0.018459203589053553
12 0.6532426261901856 0.18954390120566955 0.10544315338134766 0.01544758907509012
12 0.15622733116149903 0.19095113299679614 0.17328638076782227 0.012473911223925202
12 0.32326369732256893 0.4605351545934048 0.5199057298970984 0.014577514544900326
4 0.6836546516418457 0.07265656837676925 0.1322959518432617 0.013252148292547975
12 0.2555857181549072 0.556401454158715 0.3797289276123047 0.015147383077555133
4 0.7108050727844238 0.0921487783961017 0.18517910003662108 0.015010701083247192
4 0.2670576620101929 0.021325428471714893 0.39365253448486326 0.01548744602866654
12 0.2379298686981201 0.20816889043780482 0.3616498565673828 0.01647786147721851
4 0.8499931716918945 0.14588241641859165 0.12692054748535156 0.015260122103444391
9 0.7713188171386719 0.6908134479862437 0.06773574829101563 0.13973043893129772
12 0.6309362983703614 0.17195037505301103 0.05720516204833984 0.015658778998687978
8 0.13329975605010985 0.4047054326362383 0.12750547409057617 0.013445283923743641
12 0.6541523742675781 0.18899841567436654 0.10436569213867188 0.014871430659921015
12 0.5345828056335449 0.5547337034579756 0.4605455017089844 0.016898455308391645
12 0.4254710960388184 0.46043469766320766 0.35170066833496094 0.014037620020276718
12 0.8731679916381836 0.1685878569236542 0.09188926696777344 0.01703948586345022
12 0.3157522392272949 0.20823531599748527 0.21043689727783202 0.015945149843120496
12 0.4261476439443858 0.5101941331584047 0.7196055543835227 0.07444636391673465
12 0.25602601528167723 0.17194722364068135 0.37230342864990235 0.01620316444765824
12 0.24381813049316406 0.5758374240865538 0.3715920257568359 0.01644382363562871
2 0.5058147048950196 0.9440075176261662 0.31679908752441405 0.01374290149226039
12 0.8478069305419922 0.14603018983124272 0.1264794921875 0.015779749228855226
12 0.48117569923400877 0.4331900068417356 0.8393722534179687 0.028257361906276507
12 0.42403602874198093 0.40230729658589276 0.44195900566230273 0.012935466944311863
2 0.5046826494425861 0.9622395662244252 0.9274902988851721 0.013020867551152903
