1 0.5014749262536873 0.05381944444444445 0.16961651917404125 0.02604166666666666
12 0.2796214355948869 0.1271701388888889 0.3380039331366765 0.05121527777777778
12 0.765117994100295 0.1189236111111111 0.2519665683382499 0.03645833333333334
9 0.767030530420556 0.0931320583297714 0.22493875066439822 0.034983191907250424
9 0.9741539500003136 0.3264086297443514 0.052359882005899624 0.03002360412114813
11 0.4025319567354966 0.1644965277777778 0.5862831858407079 0.014756944444444446
10 0.5027040314650933 0.21875 0.8161258603736479 0.08854166666666669
12 0.49901671583087515 0.27170138888888884 0.7792527040314652 0.013888888888888893
12 0.3220255653883972 0.3003472222222222 0.4252704031465093 0.013888888888888893
12 0.3435349065880039 0.32986111111111105 0.4682890855457227 0.015625
12 0.3736479842674532 0.35503472222222215 0.535889872173058 0.019097222222222213
12 0.4547689282202556 0.38411458333333337 0.6956735496558505 0.018229166666666713
12 0.4566125860373649 0.41189236111111116 0.6993608652900689 0.014756944444444357
12 0.2015732546705998 0.43967013888888884 0.19174041297935104 0.014756944444444357
12 0.4990167158308752 0.4952256944444444 0.7841691248770896 0.08767361111111108
12 0.27777777777777773 0.5520833333333333 0.34169124877089474 0.01736111111111107
12 0.30358898721730576 0.5798611111111112 0.3982300884955752 0.020833333333333356
12 0.4725909537856441 0.6076388888888888 0.7337758112094396 0.019097222222222213
12 0.459070796460177 0.6358506944444445 0.6993608652900689 0.018229166666666713
12 0.45169616519174033 0.6618923611111112 0.6969026548672566 0.016493055555555428
10 0.4916420845624386 0.7960069444444443 0.7890855457227138 0.22569444444444442
12 0.2962145052623818 0.7942708333333351 0.37856410648605104 0.2239583333333338
12 0.6907567400316438 0.7868920659824292 0.3662737699499592 0.2022563541870754
9 0.31833823848523457 0.7517349648141927 0.21632251720747295 0.15104176932012173
9 0.7294739345178101 0.7530367615732962 0.20526065482190037 0.14496561140150763
