9 0.8098340861002604 0.7938662506813227 0.21248046875 0.14946913608284884
10 0.5267174657185872 0.2993787366290425 0.874486287434896 0.11066820011582486
5 0.1540890820821126 0.08360584835673487 0.07618821461995443 0.054756186729253725
6 0.27527892430623374 0.0880757731060649 0.16084840138753256 0.03871856955594795
4 0.809906717936198 0.13359606543252636 0.2304296875 0.015345285105150798
12 0.8550440470377605 0.189458350248115 0.097652587890625 0.019386486674464028
12 0.44831361524690394 0.7658248680818067 0.7059278537347062 0.040021718687404506
4 0.7944637552897136 0.06597230378971544 0.3396137491861979 0.01640963443489962
1 0.5067073440551757 0.16165362513342568 0.21180585225423176 0.027641562528388442
12 0.6364100646972656 0.2072929116182549 0.10915425618489584 0.0158171720282976
12 0.5296648406982422 0.519773669575536 0.8865523274739583 0.03154704958893532
4 0.7462816619873047 0.04383571646934332 0.24128392537434895 0.019668017986208895
4 0.689689966837565 0.0894064792366915 0.13659133911132812 0.015113014398619184
12 0.8454112752278645 0.16550964532896528 0.13458740234375 0.016124725341796875
12 0.5341567993164061 0.5935515184601643 0.8185125732421874 0.027016338610008742
8 0.16267775853474936 0.5062759399414063 0.13110178629557293 0.016392126748728197
8 0.18662001927693683 0.580752048936001 0.18186932881673176 0.01627044677734375
10 0.5309038543701172 0.42248199817746185 0.8884660847981771 0.12110137939453125
2 0.5136315663655594 0.9605568889342436 0.8271930440266919 0.019458753997658215
12 0.5252105671551618 0.5563767483869071 0.8584584554036457 0.035227712699124926
4 0.7111096700032553 0.10903131795483967 0.1818122355143229 0.01342673190804415
12 0.25700282414754233 0.18746151591456212 0.3304736073811849 0.01669212163880814
12 0.339682978929589 0.6214500851275861 0.48045569096721236 0.017376545391440516
12 0.17831742604573567 0.20542552859284158 0.15965070088704428 0.013871055425599566
12 0.43187567733087673 0.7223199620104418 0.6733959266018578 0.026123844805767862
12 0.4939527088525791 0.6714412545192239 0.7962966214088623 0.08420195348289351
12 0.6133969907407407 0.18967013888888887 0.0671875 0.016493055555555535
2 0.49146412037037046 0.9440104166666665 0.2737268518518519 0.0234375
4 0.2581741898148148 0.02864583333333333 0.4740451388888889 0.02083333333333333
11 0.269994212962963 0.2230902777777778 0.3334490740740741 0.015625
