1 0.5026133897569445 0.1527777777777778 0.17242513020833336 0.03472222222222223
6 0.23224609375 0.07682291666666666 0.17828993055555556 0.04427083333333332
5 0.09911512586805554 0.07595486111111112 0.07858832465277776 0.05815972222222223
4 0.8333881293402777 0.04991319444444445 0.22403537326388887 0.01822916666666666
4 0.8668174913194444 0.0703125 0.15248480902777772 0.013888888888888893
4 0.8263503689236111 0.09635416666666669 0.242802734375 0.015625
4 0.18591417100694446 0.028211805555555552 0.21699761284722224 0.014756944444444446
10 0.5026133897569445 0.2842881944444445 0.897314453125 0.2144097222222222
12 0.4920567491319445 0.41059027777777773 0.8715093315972223 0.02951388888888893
12 0.4949891493055555 0.4453125 0.8914496527777778 0.03298611111111114
12 0.49674858940972216 0.4774305555555556 0.894968532986111 0.02951388888888893
12 0.2926535373263889 0.5030381944444444 0.4727029079861111 0.014756944444444428
12 0.5008539496527777 0.52734375 0.9008333333333333 0.03038194444444443
12 0.10380696614583332 0.55078125 0.09970160590277775 0.011284722222222286
12 0.3677229817708333 0.5690104166666666 0.6275336371527778 0.014756944444444428
12 0.1976437717013889 0.5842013888888888 0.29910481770833336 0.013888888888888928
12 0.5008539496527777 0.6089409722222222 0.8937955729166667 0.03385416666666671
9 0.34191784948887305 0.7126736111111108 0.2052680336611428 0.15277777777777785
9 0.6791438586999685 0.7417534936083588 0.19471141454450788 0.14322912389439355
10 0.5037863498263888 0.7430555555555556 0.9137358940972221 0.2256944444444445
2 0.4844325086805556 0.9223090277777777 0.4996809895833334 0.01649305555555557
2 0.4996809895833333 0.94921875 0.6803168402777777 0.030381944444444288
