10 0.49921222686767563 0.36735172302277536 0.8208888244628902 0.2421685027464044
9 0.20879117012023926 0.8900558942215032 0.20455989837646485 0.12776180048871144
9 0.7087341117858886 0.8798219386701541 0.18584964752197267 0.13183765831497798
12 0.5001622581481934 0.2150437745753889 0.8108441162109375 0.045989573474497523
12 0.8821072387695312 0.12623972619682683 0.1032598876953125 0.016059505781938325
12 0.4889605651109809 0.5577628178506864 0.7945029954494267 0.03535007497337443
12 0.7532836151123047 0.08461367569305824 0.08539230346679688 0.014216055849050108
12 0.4938110875629747 0.6989945614286833 0.761230440230496 0.037634969078613974
12 0.49637723922729493 0.8279112425144548 0.8217304229736329 0.039404296875
12 0.49346223598193506 0.7646025209884827 0.8074617116623728 0.03814077842113758
12 0.46067454338073743 0.128392944489348 0.7340200042724612 0.06311291634550564
1 0.530942497253418 0.05601208892687828 0.4286438751220703 0.042728592120603315
12 0.49472574482398934 0.517214117501658 0.8061988067626953 0.03580290000344163
12 0.48894988154319036 0.595730746637051 0.801730634668412 0.038678182598165675
12 0.502081467606738 0.7287826201989259 0.772963949246974 0.02683793794741189
12 0.4910557956024513 0.6358391802579022 0.8091288529784451 0.03436654448516278
12 0.29895317122488185 0.662833165912376 0.41886533826885597 0.016708091702230164
12 0.6117125701904298 0.0847223828017449 0.07937469482421874 0.01572131186329846
12 0.19166678428649903 0.08304802646720987 0.18725162506103515 0.015671710715945072
6 0.8719401041666666 0.05208333333333334 0.18965928819444444 0.04340277777777778
12 0.2832573784722222 0.17578125 0.3793185763888889 0.03211805555555557
12 0.15763888888888888 0.6731770833333335 0.14286024305555556 0.009548611111111
12 0.4932373046875 0.7942708333333333 0.8140570746527778 0.02083333333333343
12 0.5238006019592285 0.8976906394118255 0.08204860687255859 0.05440792134154735
12 0.2703260633680556 0.8754340277777777 0.3485297309027778 0.013020833333333285
12 0.1416286892361111 0.8988715277777777 0.10098741319444444 0.01649305555555557
12 0.20997992621527778 0.9205729166666665 0.2278374565972222 0.01649305555555557
