9 0.7074270067855126 0.7511100387573242 0.18516895077519901 0.11636482238769531
9 0.9335150661238704 0.6421262741088867 0.08427662939705251 0.1359392547607422
10 0.4662966440959149 0.2302992343902588 0.8675375329442772 0.17417306900024415
10 0.4706693770758257 0.8348557281494141 0.865344732025199 0.18958755493164062
9 0.2811294004141566 0.776274299621582 0.17438253642359616 0.12646385192871093
9 0.8997838977281896 0.48734130859375 0.09740444058600474 0.12962554931640624
12 0.47210849624082274 0.38230501174926756 0.8664088552872203 0.039968223571777345
12 0.45627387722705676 0.3399074935913082 0.8485901635684233 0.02404708862304684
12 0.7380928394100956 0.07780051231384279 0.21499555000134463 0.0183387565612793
12 0.44594945595719926 0.6283568191528321 0.8194325327257691 0.040420913696289064
12 0.4568448091332965 0.6723484924761695 0.8395279639764414 0.023706842130073225
12 0.176584043519222 0.0783158564567566 0.28317686202398884 0.017627053260803223
8 0.13880889879446637 0.1291551685333252 0.19304802741938737 0.01427175521850586
12 0.4182254952473863 0.44181840284028473 0.7647400984984769 0.04356020655947518
12 0.4243030646581863 0.48351314544677737 0.7670180932995375 0.024012374877929687
12 0.4473673802809655 0.5633970642089843 0.8278000494369933 0.02138099670410156
12 0.4496164486396388 0.5916955947875968 0.8285780395483918 0.021738052368164045
12 0.1643478676611207 0.10199654060945978 0.24741824440619622 0.021701363225525103
12 0.7440476190476191 0.10286458333333334 0.2187320711417099 0.019965277777777787
12 0.7398642187798814 0.1271701388888889 0.21992732836106327 0.01822916666666666
12 0.402204054312488 0.5238715277777778 0.7398642187798814 0.04427083333333329
12 0.39323962516733596 0.6970486111111112 0.7123733027347484 0.019097222222222144
12 0.26833524574488427 0.7243923611111112 0.4649550583285523 0.016493055555555428
1 0.46913845859628994 0.04427083333333333 0.22351310001912408 0.029513888888888888
