9 0.3590219731509623 0.3242187671089091 0.18844034954407282 0.13454857689329247
9 0.4058241514690982 0.52734375 0.18105053191489356 0.13107638888888887
9 0.6188972207976937 0.7912326517205712 0.19090363337928273 0.13628469655885841
9 0.4329201494427558 0.8832465277777777 0.1022258105369808 0.06857638888888871
9 0.9723768363728469 0.20833333333333331 0.030790906788247127 0.10590277777777776
9 0.9594446555217832 0.4296875 0.029559270516717362 0.09895833333333343
9 0.928037930597771 0.6293402777777778 0.028327634245187455 0.08680555555555557
12 0.4618636018237081 0.09852430555555555 0.5443832320162106 0.0234375
8 0.22908434650455928 0.13194444444444445 0.14779635258358662 0.01736111111111111
12 0.5037392350557244 0.1831597222222222 0.7044959473150962 0.04513888888888886
8 0.25248543566362713 0.22743055555555552 0.20198834853090172 0.015625
12 0.5043550531914893 0.2764756944444444 0.6983377659574468 0.04427083333333332
12 0.38734960739614993 0.3250868055555556 0.39042869807497466 0.01996527777777775
12 0.21676798378926038 0.3563368055555556 0.049265450861195534 0.013020833333333285
12 0.430456876899696 0.3975694444444444 0.47171669199594723 0.019097222222222286
12 0.36333270010131713 0.43315972222222227 0.34978470111448834 0.020833333333333356
9 0.5474623226950355 0.37369791666666674 0.16873416919959483 0.0390625
12 0.37934397163120565 0.47526041666666674 0.37934397163120565 0.019965277777777787
12 0.2161521656534954 0.5121527777777778 0.04803381458966566 0.015625
12 0.4242986955420466 0.5490451388888888 0.4692534194528875 0.02170138888888893
12 0.34793724670719345 0.5824652777777778 0.32392033941236065 0.017361111111111143
12 0.32699943009118543 0.6189236111111112 0.27711816109422494 0.026041666666666644
12 0.36333270010131713 0.65234375 0.3547112462006079 0.021701388888888857
12 0.36210106382978724 0.6883680555555555 0.3448581560283688 0.020833333333333287
12 0.5000443262411347 0.74609375 0.7020326747720363 0.04079861111111114
12 0.4544737841945289 0.8046875 0.5271403242147923 0.024305555555555712
12 0.21492052938196554 0.8485243055555555 0.055423632218845 0.013020833333333285
12 0.2838921605876393 0.8927951388888888 0.19583016717325225 0.019965277777777856
12 0.7038801291793313 0.8919270833333335 0.06527672239108398 0.01649305555555557
7 0.4981968718338399 0.91796875 0.011084726443768957 0.011284722222222286
