8 0.2504035512510089 0.1323784722222222 0.21357949959644876 0.019965277777777787
12 0.45661824051654565 0.21223958333333337 0.5400860909335486 0.12760416666666669
8 0.2092833602367501 0.3328993055555556 0.1337940543449018 0.019965277777777714
12 0.5192191283292978 0.3585069444444444 0.657923056228141 0.013888888888888928
12 0.3369400726392252 0.3993055555555556 0.28845507129405434 0.04166666666666671
12 0.6812449556093624 0.48828125 0.3436911487758945 0.21961805555555558
12 0.25347222222222215 0.5013021004422427 0.13379405434490174 0.0737847564400407
12 0.285386400322841 0.5833333333333334 0.19762241054613938 0.03819444444444443
12 0.5020345708905032 0.6996527777777777 0.6996569814366426 0.043402777777777714
12 0.463369316653215 0.7556423611111112 0.5462234328759752 0.019965277777777856
12 0.48791868442292174 0.7934027777777779 0.5928672316384181 0.015625
12 0.4535495695453324 0.8298611111111112 0.5314938122141513 0.019097222222222144
12 0.3479872881355932 0.8650173611111112 0.3130044390637611 0.019965277777777856
9 0.39524482109227876 0.47482638888888884 0.18657519504977135 0.13020833333333337
9 0.7616441209877294 0.4144965491639144 0.18289281801915735 0.12760412389439357
9 0.6732664110842075 0.736979196607258 0.19025760021522728 0.13715271789659594
9 0.530266343825666 0.8025173611111112 0.09574253430185635 0.068576388888889
9 0.9813609765940275 0.1935763888888889 0.03314164648910406 0.10069444444444445
9 0.9733824320688729 0.53125 0.046643798762442824 0.12326388888888885
9 0.985463747645951 0.8138020833333335 0.029072504708097854 0.099826388888889
