9 0.1503809928894043 0.9281966823614874 0.1983214593702747 0.13967169562000856
9 0.8351106705204132 0.9018283110649601 0.19065335181451612 0.13202019194773246
10 0.4793627831243699 0.3695665828445878 0.8754389609059978 0.11996656680066314
5 0.06304412964851626 0.1041818282567496 0.04924290564752394 0.03058687374378298
12 0.47818889577990226 0.8096695381730419 0.8732693895511916 0.024889940044030102
6 0.1328004314053443 0.10457431773628022 0.09738089653753464 0.026105873120966735
8 0.09164095540200509 0.2970830174221424 0.08455982208251953 0.012538946905750853
12 0.4766090023902154 0.8947797464956158 0.8719446982106853 0.05447546850642126
12 0.47489216010047935 0.6586962871913067 0.8621546916497057 0.05221499497986973
12 0.6512058381111392 0.227873397975123 0.23817552135836695 0.07292656645527311
12 0.3154027323569021 0.7612337729567621 0.5505950927734374 0.06605286057900879
12 0.6521476007276965 0.22818940201284404 0.23733353153351813 0.07594207920350828
8 0.08414192507343907 0.45810958418380987 0.08698128731020036 0.012281819336494582
12 0.2571789987625614 0.279007506384145 0.41574579054309474 0.02755773863109669
12 0.2284355963430097 0.4854256194180512 0.37705321773406 0.04473399952759555
1 0.4859796098052421 0.12914908527110483 0.4241165662744207 0.07038077781367286
12 0.2220059375109996 0.5751478957687934 0.3511640050384387 0.08082162838424761
5 0.12715977699525893 0.10423732307116372 0.10594716225900956 0.027959324194238452
12 0.19450779849910396 0.20616319444444442 0.2957500280017921 0.01649305555555557
12 0.20248445900537632 0.22569444444444442 0.3117033490143369 0.013888888888888893
12 0.157078853046595 0.2530381944444444 0.22334649417562724 0.02170138888888889
8 0.09019762264784947 0.5260416666666667 0.09203839045698926 0.013888888888888928
8 0.22489511428340792 0.6226319127970938 0.3578250761955015 0.01450291356724926
12 0.4724637376792114 0.6996527777777777 0.8565706205197132 0.02430555555555557
12 0.29268208165322585 0.7213541666666665 0.5043703797043011 0.015625
12 0.47675886256720434 0.8389756944444445 0.870069584453405 0.026909722222222144
8 0.1325352822580645 0.8606770833333333 0.18162242383512542 0.011284722222222286
