10 0.5147422027587889 0.3543009628148564 0.6918652852376301 0.4418831649217905
9 0.9739703877766928 0.5393915187545687 0.05205922444661459 0.1339521084612573
9 0.9760614522298178 0.7990903977065058 0.04787709554036458 0.15851208424707602
12 0.5050218200683594 0.6282856188322369 0.8421096801757812 0.04440204107273391
12 0.4909157637854541 0.7731526495084904 0.7402791495739494 0.016517430093371428
12 0.27864388783772787 0.8533122815583881 0.37684794108072917 0.017883871870431285
12 0.19097031275431312 0.8800464652435125 0.2083839925130208 0.0179618255436769
12 0.351327761657776 0.7212021855582958 0.5284760939126381 0.01777043928179823
8 0.18814097086588538 0.5820941055030153 0.2052832539876302 0.018663979692068712
12 0.3553436912492529 0.6931743421052624 0.5384453333624993 0.01678559598866959
11 0.2937685435522756 0.11314906962433748 0.3600644347053452 0.01760316369129203
12 0.3587018498421739 0.666071020650585 0.53675335394521 0.017071711668494135
12 0.42265038808186844 0.08894113908734239 0.61279052734375 0.02440787867495888
12 0.11998697916666667 0.7443576388888888 0.06184895833333334 0.01822916666666657
12 0.51396484375 0.8025173611111112 0.8522786458333332 0.025173611111111
12 0.13792317708333332 0.8255208333333335 0.10019531249999998 0.015625
12 0.41005859375 0.8294270833333335 0.14967447916666665 0.01649305555555557
