9 0.747748961272063 0.8100828170776367 0.22347722936559605 0.13588040669759113
10 0.48210983276367186 0.5359350363413493 0.878429667154948 0.31122051874796547
10 0.4732823689778645 0.2610472838083903 0.8637576633029513 0.22559970219930012
12 0.7827419704861112 0.0986325740814209 0.21402226200810184 0.018564764658610025
12 0.7929144965277777 0.09560660123825074 0.2180216471354167 0.015835499763488768
1 0.5155269905372902 0.1235761284828186 0.2656715958206742 0.02898566722869873
12 0.633785954228154 0.8443500518798828 0.2210678665726273 0.020400238037109376
12 0.5837207370334202 0.8086081504821777 0.12615186903211806 0.018806266784667968
12 0.20190600642451537 0.8220296859741211 0.30078373661747687 0.027764129638671874
12 0.8355925383391204 0.0602652927239736 0.07681884765625 0.03129369815190633
12 0.2006172839506173 0.05859375 0.3487654320987654 0.026909722222222224
10 0.4868183656211675 0.7420430464328994 0.8981481481481467 0.032118055555555663
12 0.19444444444444448 0.8641493055555555 0.28703703703703703 0.03559027777777786
12 0.11188271604938273 0.7873263888888888 0.11574074074074076 0.017361111111111
12 0.5717592592592592 0.7725694444444445 0.10339506172839506 0.019097222222222144
2 0.10416666666666669 0.9118923611111112 0.13425925925925927 0.01475694444444457
