6 0.20293694400837262 0.05164930555555555 0.08117477760334904 0.0234375
5 0.13966838102789278 0.04817710899669718 0.03581237452192246 0.028645782006605634
12 0.7144574175824177 0.06119791666666666 0.33305533751962324 0.019965277777777776
1 0.5013736263736264 0.12065972222222221 0.4870486656200942 0.02951388888888889
12 0.3229084903192046 0.16145833333333331 0.40468014128728413 0.024305555555555552
12 0.29306482208267925 0.18619791666666669 0.3473802982731554 0.018229166666666644
12 0.49719551282051294 0.21484375 0.7604166666666669 0.03732638888888893
8 0.17727138932496075 0.24131944444444442 0.1181809262166405 0.013888888888888893
12 0.3276834772370487 0.2881944444444444 0.42139259549973845 0.07291666666666669
8 0.2769492412349555 0.33420138888888895 0.32469911041339616 0.015625
8 0.19816195709052853 0.3506944444444444 0.16234955520669808 0.013888888888888928
12 0.4954048927263214 0.37890625 0.7663854003139718 0.03559027777777786
9 0.9442536630036631 0.5169270833333334 0.057299843014128694 0.13107638888888887
8 0.2560586734693877 0.40625 0.2948554421768707 0.017361111111111143
8 0.17548076923076925 0.4266493055555556 0.12414965986394558 0.013020833333333285
12 0.49480801936159075 0.4921875 0.7604166666666665 0.11111111111111115
8 0.1718995290423862 0.5564236111111112 0.12176216640502355 0.01736111111111107
12 0.49301739926739935 0.6888020833333333 0.7687728937728938 0.24392361111111108
8 0.23695872579801155 0.8185763888888888 0.2590430402930403 0.015625
12 0.48824241234955523 0.8446180555555556 0.7616104133961278 0.03298611111111114
12 0.3802083333333334 0.8914930555555557 0.5550922291993722 0.05555555555555557
7 0.48645179225536367 0.9431423611111112 0.10863095238095234 0.01822916666666657
