9 0.2800300661722819 0.8870061111450195 0.20388426462809245 0.15646995544433595
10 0.49869204203287765 0.25666298866271975 0.7197570292154949 0.32200916290283205
10 0.49560401916503916 0.6191759300231934 0.7775488789876303 0.3942329788208008
9 0.6897222900390625 0.8706169891357421 0.1955149332682292 0.15969558715820312
1 0.4850118891398112 0.08445809364318847 0.20674278259277343 0.027255001068115233
12 0.7144418589274087 0.04747703790664673 0.2571601867675781 0.017542281150817872
12 0.7045499165852865 0.07229794263839721 0.1767387898763021 0.017227864265441893
12 0.1579861111111111 0.83984375 0.10763888888888885 0.026909722222222286
12 0.2546296296296296 0.8849826388888888 0.30324074074074076 0.040798611111111
12 0.21064814814814817 0.9348958333333335 0.21296296296296297 0.045138888888889
12 0.5526620370370371 0.8428819444444443 0.10763888888888892 0.02256944444444443
12 0.6186342592592593 0.8875868055555557 0.22569444444444442 0.03211805555555557
12 0.6313657407407408 0.9340277777777777 0.2650462962962963 0.043402777777777714
2 0.8576388888888888 0.9665798611111112 0.09953703703703709 0.01475694444444457
