1 0.5067235963879074 0.10980902777777779 0.233117393011386 0.02517361111111109
12 0.2877159403219474 0.1545138888888889 0.2907832744405183 0.012152777777777785
12 0.28035433843737734 0.1801215277777778 0.2711523360816647 0.014756944444444465
12 0.5012023949744798 0.2248263888888889 0.7741951315272871 0.05555555555555557
8 0.30857380107919474 0.2708333333333333 0.32759130636143785 0.01215277777777778
10 0.5061101295641932 0.3246527777777778 0.7741951315272871 0.08333333333333331
10 0.526354534746761 0.4678819444444444 0.8195916764821359 0.140625
9 0.9852522575579112 0.3467881944444444 0.029495484884177473 0.1015625
9 0.9766637220259128 0.5082465277777778 0.046672555948174335 0.1293402777777777
8 0.2177807224185316 0.5533854166666666 0.1509128386336867 0.014756944444444428
12 0.5030427954456224 0.6180555555555556 0.7803297997644287 0.09548611111111115
12 0.5079505300353356 0.7361111111111112 0.7729681978798587 0.11458333333333343
12 0.5030427954456222 0.8450520833333333 0.7754220651747152 0.07552083333333343
