1 0.4954401552287582 0.10980902777777779 0.10505718954248365 0.02517361111111109
12 0.26144914215686277 0.18098958333333337 0.21250204248366011 0.02170138888888889
12 0.6524290236928105 0.17795138888888887 0.3688939950980393 0.022569444444444465
12 0.27577512254901965 0.21788194444444442 0.23399101307189546 0.02256944444444443
12 0.5813960375816994 0.21875 0.2244403594771243 0.02256944444444443
12 0.4942463235294117 0.3272569444444444 0.6733210784313726 0.09722222222222225
12 0.4948432393790851 0.47699652777777773 0.6840655637254903 0.16232638888888892
12 0.500812397875817 0.5855034722222223 0.5909466911764706 0.019965277777777787
12 0.49723090277777776 0.6419270833333333 0.6673519199346406 0.05815972222222222
12 0.494843239379085 0.7118055555555557 0.6769025735294117 0.05381944444444443
12 0.2686121323529412 0.82421875 0.1528104575163399 0.051215277777777714
12 0.607063419117647 0.8237847222222223 0.14922896241830066 0.05729166666666671
9 0.29189183954465386 0.8207465277777767 0.1969822522832411 0.13628472222222227
9 0.6995853621350656 0.8320312499999994 0.1886254358605877 0.13454861111111108
