8 0.25994388327721657 0.0998263888888889 0.1937317620650954 0.02430555555555557
12 0.5143700897867565 0.14539930555555555 0.702584175084175 0.052951388888888895
8 0.23664702581369249 0.20052083333333331 0.15204264870931536 0.02430555555555557
12 0.3880765993265993 0.2300347222222222 0.371523569023569 0.024305555555555535
8 0.22929012345679012 0.26822916666666663 0.1520426487093154 0.022569444444444465
12 0.5088524130190798 0.32942708333333337 0.698905723905724 0.0842013888888889
8 0.2764969135802469 0.4032118055555556 0.2366470258136925 0.02517361111111107
12 0.5100785634118967 0.5021701388888888 0.6277890011223345 0.15711805555555558
8 0.22193322109988778 0.6019965277777778 0.14713804713804715 0.0234375
12 0.4995242142204377 0.6488255168176231 0.7062626262626253 0.05208333333333336
9 0.2758838450238458 0.7092014616017529 0.19127942586608884 0.1336807009812839
9 0.6228843995510662 0.7139757072761264 0.19127946127946133 0.1345486367744754
9 0.761439391726058 0.7990451559977986 0.0956397173597154 0.0668403119955962
12 0.2820145903479233 0.8315972478855862 0.27220538720538684 0.12152782910450527
12 0.65047278338945 0.7903645833333333 0.39359427609427605 0.1987847222222223
9 0.9781986531986532 0.2886284722222222 0.043602693602693705 0.12413194444444443
9 0.9849424803591469 0.48654513888888884 0.030115039281705974 0.13454861111111113
9 0.9855555555555554 0.7573784722222221 0.028888888888889 0.1171875
