8 0.2295296983323965 0.06380208333333333 0.2787146336893386 0.02170138888888889
12 0.5152707406215881 0.20703124999999992 0.7682218689535617 0.2612847222222221
12 0.5105864718006371 0.37543402777777785 0.8080382237211917 0.07378472222222221
8 0.1733183436387484 0.44401041666666674 0.17800262319655238 0.019965277777777787
12 0.49302042345887215 0.5073784722222222 0.8197489226157019 0.06163194444444443
8 0.19615420648304294 0.5642361111111112 0.2307007682218475 0.019097222222222213
12 0.49653363312722504 0.6037326388888888 0.8267753419524078 0.05815972222222222
12 0.22894416338767098 0.67578125 0.2939385422522016 0.042534722222222286
8 0.1487258759602773 0.7265625 0.1358441071763163 0.019097222222222286
12 0.2869121229154956 0.7469618055555555 0.4098744613078509 0.019965277777777856
12 0.26056305040284805 0.8051215277777779 0.36186059584035973 0.0234375
12 0.17624601836237588 0.8541666666666667 0.20727937043282746 0.043402777777777714
12 0.13291643245268875 0.9140625 0.12296233839235522 0.03993055555555571
12 0.6569702079820123 0.8090277777777777 0.32789956904628087 0.019097222222222286
12 0.5954890387858348 0.8589409722222223 0.20493723065392558 0.042534722222222286
12 0.5527449878208732 0.91796875 0.1194491287240023 0.04079861111111114
9 0.3120901416439709 0.8298611196655656 0.20962147800117178 0.15451390599779824
9 0.6604834095977261 0.8580729380528034 0.2225032951009696 0.16406245722772683
