1 0.5174532940019665 0.12890625 0.22123893805309736 0.02864583333333334
12 0.3029744346116027 0.1723090277777778 0.2912979351032448 0.01996527777777775
12 0.2919124877089479 0.19835069444444442 0.28146509341199605 0.01649305555555557
12 0.5143805309734513 0.2421875 0.765732546705998 0.05729166666666668
8 0.3207964601769912 0.2842881944444444 0.32940019665683384 0.014756944444444465
10 0.5186823992133727 0.3276909722222222 0.7645034414945919 0.05815972222222218
10 0.5334316617502458 0.4526909722222222 0.8087512291052115 0.14149305555555558
8 0.2323008849557522 0.5364583333333334 0.15240904621435597 0.015625
12 0.511922320550639 0.6028645833333334 0.7608161258603735 0.099826388888889
12 0.5125368731563421 0.7152777777777777 0.7645034414945918 0.11458333333333329
12 0.5131514257620452 0.8289930555555556 0.765732546705998 0.09548611111111115
9 0.9873402163225171 0.3094618055555556 0.02531956735496564 0.09114583333333331
9 0.9873402163225171 0.5342881944444444 0.02531956735496564 0.09635416666666671
