1 0.49549229097682124 0.06336805555555555 0.26454855362398816 0.027777777777777787
12 0.4983522753403238 0.1171875 0.8308254575974982 0.0625
12 0.4969222831585725 0.17057291666666663 0.8308254575974982 0.037326388888888895
12 0.49334730270419436 0.22526041666666669 0.8322554497792496 0.06163194444444443
12 0.5219472938352603 0.2977431539317836 0.7693354987901132 0.03819424769198816
8 0.19018896017292128 0.33376736111111116 0.22307878035320086 0.014756944444444357
10 0.4997822675220751 0.44661458333333326 0.7822057234179545 0.1831597222222222
12 0.44043759197939664 0.5946180555555556 0.5891567788815305 0.10243055555555564
8 0.23094373735283302 0.26822916666666663 0.3074483190765269 0.013888888888888893
8 0.1530091634473878 0.6597222222222223 0.14299921817512878 0.019097222222222286
8 0.24095368262509198 0.703125 0.3103083034400294 0.019097222222222286
8 0.1580141360835173 0.7482638888888888 0.14442921035688008 0.015625
8 0.1530091634473878 0.8098958333333335 0.14871918690213393 0.015625
12 0.3296131978936719 0.6827256944444443 0.3646480063465784 0.014756944444444428
12 0.31817326043966154 0.7278645833333333 0.3389081470750553 0.019965277777777714
12 0.514082189339588 0.7821180555555557 0.7993656295989698 0.03819444444444443
12 0.44830254897902877 0.85546875 0.6220465990618101 0.05642361111111114
9 0.7750557428430597 0.8658853952805303 0.24023872586649384 0.1432291238943938
12 0.7493159032376748 0.91796875 0.2859984363502576 0.016493055555555712
12 0.7385909618745401 0.9401041495577571 0.17588903835540848 0.012152777777777714
