6 0.22159505208333335 0.11458333333333331 0.17552083333333335 0.048611111111111126
5 0.0905029296875 0.11371527777777779 0.08446940104166668 0.06944444444444445
12 0.16455078125 0.06553819444444445 0.21281901041666668 0.009548611111111115
12 0.8112353515625 0.08897568588998983 0.21611002604166657 0.02170138888888889
12 0.8452425130208334 0.11328125 0.154677734375 0.018229166666666644
12 0.8035563151041667 0.13671875 0.240244140625 0.02170138888888889
1 0.4766487630208333 0.1996527777777778 0.15906575520833335 0.03472222222222225
10 0.4920068359375 0.2604166666666667 0.872119140625 0.07291666666666664
10 0.4876188151041667 0.35286458333333326 0.8743131510416667 0.1102430555555555
12 0.4848763020833334 0.42404513888888884 0.8578580729166667 0.016493055555555643
12 0.48268229166666665 0.4500868055555556 0.86224609375 0.0321180555555555
12 0.28193033854166666 0.4756944444444444 0.45196614583333333 0.012152777777777714
12 0.48432779947916665 0.4991319444444444 0.8567610677083333 0.029513888888888857
12 0.33019856770833333 0.5234375 0.5485026041666667 0.013888888888888857
12 0.3636572265625 0.5399305555555556 0.6066438802083334 0.017361111111111143
12 0.19910644531250005 0.5577256944444444 0.2841243489583334 0.01649305555555557
9 0.34336261512163796 0.6532117970011003 0.19746096767339094 0.15364585044224233
9 0.7410270081713699 0.6445312499999999 0.1788118690739275 0.13975694444444428
10 0.4980403645833333 0.6879340277777777 0.8732161458333333 0.2317708333333333
2 0.47993977864583326 0.8732638888888888 0.4684212239583333 0.013888888888889
2 0.496943359375 0.8914930555555556 0.65162109375 0.017361111111111143
2 0.4985888671875 0.9105902777777779 0.34336263020833335 0.015625
