1 0.43641067538126366 0.1267361111111111 0.26007625272331153 0.022569444444444448
12 0.1851851851851852 0.17057291666666663 0.3404139433551198 0.023437499999999983
12 0.18246187363834424 0.1953125 0.31590413943355117 0.01736111111111107
12 0.4330065359477125 0.2421875 0.863289760348584 0.05555555555555557
8 0.2110566448801743 0.2912326388888889 0.37854030501089325 0.014756944444444428
10 0.4391339869281047 0.33420138888888884 0.8755446623093683 0.05902777777777778
10 0.4609204793028322 0.4735243055555556 0.9218409586056644 0.15711805555555558
8 0.12118736383442269 0.5698784722222222 0.1742919389978214 0.01649305555555557
12 0.44049564270152514 0.6362847222222221 0.8728213507625274 0.09374999999999993
12 0.44253812636165585 0.7521701388888888 0.8687363834422659 0.115451388888889
12 0.4418572984749456 0.8541666666666667 0.8619281045751634 0.07465277777777772
9 0.985430283224401 0.13541666666666669 0.029139433551198125 0.09201388888888888
9 0.9793028322440088 0.33854166666666663 0.041394335511982516 0.11805555555555554
