1 0.47461859809027784 0.1410590277777778 0.22786566840277778 0.02864583333333334
6 0.2540641276041667 0.06987847222222221 0.14013129340277786 0.03385416666666667
5 0.1510980902777778 0.0763888888888889 0.05605251736111112 0.04687500000000001
4 0.722590060763889 0.008680555555555556 0.24126953125 0.013888888888888888
4 0.7487885199652778 0.03125 0.2985405815972223 0.008680555555555554
4 0.6775043402777778 0.05598958333333334 0.13891276041666664 0.014756944444444437
4 0.6988286675347223 0.07725697438503563 0.20105794270833335 0.017361136774474928
4 0.7384309895833334 0.109375 0.23152126736111114 0.01736111111111111
12 0.28209038628472227 0.17491319444444442 0.34240776909722226 0.018229166666666678
12 0.6823784722222223 0.1701388888888889 0.34362630208333333 0.019097222222222213
12 0.18338921440972225 0.19748263888888887 0.1376942274305556 0.016493055555555535
8 0.29427571614583337 0.2152777777777778 0.34971896701388894 0.013888888888888857
10 0.4989892578125001 0.3146701388888889 0.7810796440972223 0.13454861111111108
8 0.17729654947916668 0.4105902777777778 0.13525716145833333 0.015625
8 0.19557454427083334 0.4305555555555556 0.16693901909722222 0.012152777777777714
8 0.2625938585069445 0.45182291666666663 0.3009776475694445 0.018229166666666713
8 0.2516270616319444 0.48871527777777785 0.2863552517361111 0.019097222222222213
8 0.20897840711805557 0.5108506944444444 0.19618381076388894 0.01649305555555557
8 0.2168988715277778 0.5299479166666667 0.22421006944444444 0.013020833333333356
8 0.16572048611111115 0.5503472222222222 0.13160156250000002 0.017361111111111143
8 0.18217068142361115 0.5724826388888888 0.17668728298611114 0.0147569444444445
8 0.2692957899305556 0.61328125 0.3558116319444445 0.01649305555555557
8 0.16693901909722225 0.6341145833333334 0.15353515625000003 0.01649305555555557
12 0.4636518012152779 0.40972222222222227 0.41795681423611114 0.010416666666666644
12 0.3734803602430556 0.4288194444444444 0.17425021701388893 0.01736111111111107
12 0.6482595486111112 0.4487847222222222 0.4532942708333335 0.015625
12 0.29914984809027784 0.47005208333333326 0.3009776475694445 0.0164930555555555
12 0.5209228515625 0.4891493055555556 0.24248806423611108 0.0164930555555555
12 0.5788031684027779 0.5099826388888888 0.5117838541666666 0.019965277777777787
12 0.4819297960069446 0.5308159722222222 0.21811740451388892 0.01649305555555557
12 0.43318847656250015 0.55078125 0.36190429687500014 0.014756944444444428
12 0.580021701388889 0.5720486111111112 0.5995182291666667 0.012152777777777785
12 0.20958767361111114 0.5920138888888888 0.14866102430555558 0.015625
12 0.563571506076389 0.6341145833333333 0.6299815538194445 0.019965277777777714
12 0.3192556423611112 0.6571180555555557 0.41186414930555565 0.02256944444444443
9 0.3064610460069445 0.7599826388888888 0.22055447048611115 0.162326388888889
9 0.6860340711805557 0.8168402777777777 0.25101779513888894 0.1909722222222223
10 0.4953336588541667 0.8463541666666667 0.8688140190972223 0.26909722222222227
