1 0.5076204523107178 0.10069444444444443 0.22861356932153398 0.02777777777777777
9 0.3582841944800019 0.17057291666666669 0.212635150863005 0.15364583333333337
12 0.27531956735496554 0.1449652777777778 0.3097345132743362 0.01909722222222223
12 0.2710176991150442 0.17100694444444448 0.29621435594886913 0.015625
12 0.5020894788593903 0.2191840277777778 0.8099803343166174 0.059895833333333356
9 0.9781219272369713 0.2847222222222222 0.04375614552605711 0.11805555555555554
9 0.9861111111111112 0.5199652777777778 0.027777777777777856 0.09375
8 0.29805801376597835 0.2625868055555556 0.34537856440511305 0.016493055555555535
10 0.5045476892822026 0.3116319444444444 0.8099803343166175 0.0642361111111111
10 0.522984267453294 0.44357638888888884 0.854228121927237 0.15624999999999992
8 0.20218780727630287 0.5316840277777778 0.15609636184857423 0.014756944444444428
12 0.5008603736479843 0.6006944444444445 0.8099803343166175 0.10590277777777786
12 0.5008603736479843 0.7209201388888888 0.8075221238938053 0.12239583333333343
12 0.5014749262536873 0.8463541666666665 0.8112094395280235 0.10243055555555557
